4.000000000000000000e+00 1.000000000000000056e-01 8.323524581327893523e-01 1.398407214971816581e-01 2.780682037002906240e-02
4.099999999999999645e+00 1.000000000000000056e-01 8.332609752641938483e-01 1.390793622759946835e-01 2.765966245981148555e-02
4.199999999999999289e+00 1.000000000000000056e-01 8.341613852691794895e-01 1.383247172180111506e-01 2.751389751280924542e-02
4.299999999999998934e+00 1.000000000000000056e-01 8.350537231200840793e-01 1.375767577821002674e-01 2.736951909781575043e-02
4.399999999999998579e+00 1.000000000000000056e-01 8.359380244371039659e-01 1.368354548773112744e-01 2.722652068558470070e-02
4.499999999999998224e+00 1.000000000000000056e-01 8.368143254658051422e-01 1.361007788815483954e-01 2.708489565264651094e-02
4.599999999999997868e+00 1.000000000000000056e-01 8.376826630548717123e-01 1.353726996600510546e-01 2.694463728507722616e-02
4.699999999999997513e+00 1.000000000000000056e-01 8.385430746341082653e-01 1.346511865836731436e-01 2.680573878221852516e-02
4.799999999999997158e+00 1.000000000000000056e-01 8.393955981926966015e-01 1.339362085469555097e-01 2.666819326034786455e-02
4.899999999999996803e+00 1.000000000000000056e-01 8.402402722577166916e-01 1.332277339859855858e-01 2.653199375629784404e-02
4.999999999999996447e+00 1.000000000000000056e-01 8.410771358729357550e-01 1.325257308960398339e-01 2.639713323102439030e-02
5.099999999999996092e+00 1.000000000000000056e-01 8.419062285778748933e-01 1.318301668490031442e-01 2.626360457312204577e-02
5.199999999999995737e+00 1.000000000000000056e-01 8.427275903871523921e-01 1.311410090105608883e-01 2.613140060228676467e-02
5.299999999999995381e+00 1.000000000000000056e-01 8.435412617701157911e-01 1.304582241571596302e-01 2.600051407272458218e-02
5.399999999999995026e+00 1.000000000000000056e-01 8.443472836307609475e-01 1.297817786927323858e-01 2.587093767650649676e-02
5.499999999999994671e+00 1.000000000000000056e-01 8.451456972879476393e-01 1.291116386651842973e-01 2.574266404686813975e-02
5.599999999999994316e+00 1.000000000000000056e-01 8.459365444559096003e-01 1.284477697826359732e-01 2.561568576145438481e-02
5.699999999999993960e+00 1.000000000000000056e-01 8.467198672250695335e-01 1.277901374294218573e-01 2.548999534550861965e-02
5.799999999999993605e+00 1.000000000000000056e-01 8.474957080431553269e-01 1.271387066818392142e-01 2.536558527500549359e-02
5.899999999999993250e+00 1.000000000000000056e-01 8.482641096966252459e-01 1.264934423236469263e-01 2.524244797972786600e-02
5.999999999999992895e+00 1.000000000000000056e-01 8.490251152924014333e-01 1.258543088613115479e-01 2.512057584628709858e-02
6.099999999999992539e+00 1.000000000000000056e-01 8.497787682399157161e-01 1.252212705389975367e-01 2.499996122108669866e-02
6.199999999999992184e+00 1.000000000000000056e-01 8.505251122334690494e-01 1.245942913533018975e-01 2.488059641322904261e-02
6.299999999999991829e+00 1.000000000000000056e-01 8.512641912349043771e-01 1.239733350677299506e-01 2.476247369736553350e-02
6.399999999999991473e+00 1.000000000000000056e-01 8.519960494565985698e-01 1.233583652269121256e-01 2.464558531648937748e-02
6.499999999999991118e+00 1.000000000000000056e-01 8.527207313447674464e-01 1.227493451705607974e-01 2.452992348467183947e-02
6.599999999999990763e+00 1.000000000000000056e-01 8.534382815630920938e-01 1.221462380471663306e-01 2.441548038974153401e-02
6.699999999999990408e+00 1.000000000000000056e-01 8.541487449766621554e-01 1.215490068274311664e-01 2.430224819590678584e-02
6.799999999999990052e+00 1.000000000000000056e-01 8.548521666362355331e-01 1.209576143174428270e-01 2.419021904632151498e-02
6.899999999999989697e+00 1.000000000000000056e-01 8.555485917628199433e-01 1.203720231715852407e-01 2.407938506559473973e-02
6.999999999999989342e+00 1.000000000000000056e-01 8.562380657325677769e-01 1.197921959051884838e-01 2.396973836224361096e-02
7.099999999999988987e+00 1.000000000000000056e-01 8.569206340619927031e-01 1.192180949069166357e-01 2.386127103109058831e-02
7.199999999999988631e+00 1.000000000000000056e-01 8.575963423934984675e-01 1.186496824508965903e-01 2.375397515560494568e-02
7.299999999999988276e+00 1.000000000000000056e-01 8.582652364812264345e-01 1.180869207085848555e-01 2.364784281018868922e-02
7.399999999999987921e+00 1.000000000000000056e-01 8.589273621772151035e-01 1.175297717603772246e-01 2.354286606240771004e-02
7.499999999999987566e+00 1.000000000000000056e-01 8.595827654178734845e-01 1.169781976069587115e-01 2.343903697516786996e-02
7.599999999999987210e+00 1.000000000000000056e-01 8.602314922107646700e-01 1.164321601803980366e-01 2.333634760883723097e-02
7.699999999999986855e+00 1.000000000000000056e-01 8.608735886217003808e-01 1.158916213549856522e-01 2.323479002331408499e-02
7.799999999999986500e+00 1.000000000000000056e-01 8.615091007621400454e-01 1.153565429578181922e-01 2.313435628004176930e-02
7.899999999999986144e+00 1.000000000000000056e-01 8.621380747768986330e-01 1.148268867791307629e-01 2.303503844397060407e-02
7.999999999999985789e+00 1.000000000000000056e-01 8.627605568321548013e-01 1.143026145823778650e-01 2.293682858546728515e-02
4.000000000000000000e+00 2.000000000000000111e-01 7.958012299755768959e-01 1.675380511530401573e-01 3.666071887138291907e-02
4.099999999999999645e+00 2.000000000000000111e-01 7.969240378244799583e-01 1.666129111125335405e-01 3.646305106298648041e-02
4.199999999999999289e+00 2.000000000000000111e-01 7.980380154690625005e-01 1.656949570965265683e-01 3.626702743441088256e-02
4.299999999999998934e+00 2.000000000000000111e-01 7.991431764639495006e-01 1.647841786649874019e-01 3.607264487106316697e-02
4.399999999999998579e+00 2.000000000000000111e-01 8.002395355744441607e-01 1.638805643792765054e-01 3.587990004627944485e-02
4.499999999999998224e+00 2.000000000000000111e-01 8.013271087512218172e-01 1.629841018226397820e-01 3.568878942613840088e-02
4.599999999999997868e+00 2.000000000000000111e-01 8.024059131049906535e-01 1.620947776207387614e-01 3.549930927427059207e-02
4.699999999999997513e+00 2.000000000000000111e-01 8.034759668811362054e-01 1.612125774622034657e-01 3.531145565666043984e-02
4.799999999999997158e+00 2.000000000000000111e-01 8.045372894343668646e-01 1.603374861191949885e-01 3.512522444643809832e-02
4.899999999999996803e+00 2.000000000000000111e-01 8.055899012033779227e-01 1.594694874679637442e-01 3.494061132865828451e-02
4.999999999999996447e+00 2.000000000000000111e-01 8.066338236855481458e-01 1.586085645093888996e-01 3.475761180506305170e-02
5.099999999999996092e+00 2.000000000000000111e-01 8.076690794116856420e-01 1.577546993894882732e-01 3.457622119882622358e-02
5.199999999999995737e+00 2.000000000000000111e-01 8.086956919208395655e-01 1.569078734198840475e-01 3.439643465927638005e-02
5.299999999999995381e+00 2.000000000000000111e-01 8.097136857351896477e-01 1.560680670982138862e-01 3.421824716659647297e-02
5.399999999999995026e+00 2.000000000000000111e-01 8.107230863350289862e-01 1.552352601284739952e-01 3.404165353649699077e-02
5.499999999999994671e+00 2.000000000000000111e-01 8.117239201338553034e-01 1.544094314412839397e-01 3.386664842486080546e-02
5.599999999999994316e+00 2.000000000000000111e-01 8.127162144535806654e-01 1.535905592140619225e-01 3.369322633235731501e-02
5.699999999999993960e+00 2.000000000000000111e-01 8.136999974998769813e-01 1.527786208910996146e-01 3.352138160902346647e-02
5.799999999999993605e+00 2.000000000000000111e-01 8.146752983376636115e-01 1.519735932035261305e-01 3.335110845881018166e-02
5.899999999999993250e+00 2.000000000000000111e-01 8.156421468667561792e-01 1.511754521891522374e-01 3.318240094409157653e-02
5.999999999999992895e+00 2.000000000000000111e-01 8.166005737976811396e-01 1.503841732121837249e-01 3.301525299013526038e-02
6.099999999999992539e+00 2.000000000000000111e-01 8.175506106276710927e-01 1.495997309827964417e-01 3.284965838953229217e-02
6.199999999999992184e+00 2.000000000000000111e-01 8.184922896168526085e-01 1.488220995765630605e-01 3.268561080658447665e-02
6.299999999999991829e+00 2.000000000000000111e-01 8.194256437646285640e-01 1.480512524537238028e-01 3.252310378164769561e-02
6.399999999999991473e+00 2.000000000000000111e-01 8.203507067862771951e-01 1.472871624782929878e-01 3.236213073542990731e-02
6.499999999999991118e+00 2.000000000000000111e-01 8.212675130897648668e-01 1.465298019369935256e-01 3.220268497324167700e-02
6.599999999999990763e+00 2.000000000000000111e-01 8.221760977527886594e-01 1.457791425580126643e-01 3.204475968919869716e-02
6.699999999999990408e+00 2.000000000000000111e-01 8.230764965000541000e-01 1.450351555295715245e-01 3.188834797037438940e-02
6.799999999999990052e+00 2.000000000000000111e-01 8.239687456807966992e-01 1.442978115183018162e-01 3.173344280090141523e-02
6.899999999999989697e+00 2.000000000000000111e-01 8.248528822465538424e-01 1.435670806874247418e-01 3.158003706602141580e-02
6.999999999999989342e+00 2.000000000000000111e-01 8.257289437291950307e-01 1.428429327147237304e-01 3.142812355608128050e-02
7.099999999999988987e+00 2.000000000000000111e-01 8.265969682192156887e-01 1.421253368103088943e-01 3.127769497047544478e-02
7.199999999999988631e+00 2.000000000000000111e-01 8.274569943443026432e-01 1.414142617341646035e-01 3.112874392153286429e-02
7.299999999999988276e+00 2.000000000000000111e-01 8.283090612481733839e-01 1.407096758134781522e-01 3.098126293834839451e-02
7.399999999999987921e+00 2.000000000000000111e-01 8.291532085696999843e-01 1.400115469597428830e-01 3.083524447055708412e-02
7.499999999999987566e+00 2.000000000000000111e-01 8.299894764223157972e-01 1.393198426856329941e-01 3.069068089205134395e-02
7.599999999999987210e+00 2.000000000000000111e-01 8.308179053737143605e-01 1.386345301216456993e-01 3.054756450463993328e-02
7.699999999999986855e+00 2.000000000000000111e-01 8.316385364258452872e-01 1.379555760325064384e-01 3.040588754164821189e-02
7.799999999999986500e+00 2.000000000000000111e-01 8.324514109952050323e-01 1.372829468333355285e-01 3.026564217145946006e-02
7.899999999999986144e+00 2.000000000000000111e-01 8.332565708934323023e-01 1.366166086055711493e-01 3.012682050099655187e-02
7.999999999999985789e+00 2.000000000000000111e-01 8.340540583082088899e-01 1.359565271126476904e-01 2.998941457914338152e-02
4.000000000000000000e+00 3.000000000000000444e-01 7.512923214239062286e-01 2.002598878857431430e-01 4.844779069035059366e-02
4.099999999999999645e+00 3.000000000000000444e-01 7.526453797523519063e-01 1.991661355025915459e-01 4.818848474505647156e-02
4.199999999999999289e+00 3.000000000000000444e-01 7.539895523674746691e-01 1.980794701059322982e-01 4.793097752659315758e-02
4.299999999999998934e+00 3.000000000000000444e-01 7.553248174568778506e-01 1.969999098393653558e-01 4.767527270375676585e-02
4.399999999999998579e+00 3.000000000000000444e-01 7.566511549649910240e-01 1.959274714352593483e-01 4.742137359974953059e-02
4.499999999999998224e+00 3.000000000000000444e-01 7.579685465737566741e-01 1.948621702298216629e-01 4.716928319642167688e-02
4.599999999999997868e+00 3.000000000000000444e-01 7.592769756827999483e-01 1.938040201785947714e-01 4.691900413860534275e-02
4.699999999999997513e+00 3.000000000000000444e-01 7.605764273891041372e-01 1.927530338723605907e-01 4.667053873853523743e-02
4.799999999999997158e+00 3.000000000000000444e-01 7.618668884662151974e-01 1.917092225534331729e-01 4.642388898035162276e-02
4.899999999999996803e+00 3.000000000000000444e-01 7.631483473429996334e-01 1.906725961323197938e-01 4.617905652468056593e-02
4.999999999999996447e+00 3.000000000000000444e-01 7.644207940819798264e-01 1.896431632047333449e-01 4.593604271328675243e-02
5.099999999999996092e+00 3.000000000000000444e-01 7.656842203572696848e-01 1.886209310689359875e-01 4.569484857379436937e-02
5.199999999999995737e+00 3.000000000000000444e-01 7.669386194321338168e-01 1.876059057433950017e-01 4.545547482447111903e-02
5.299999999999995381e+00 3.000000000000000444e-01 7.681839861361953181e-01 1.865980919847337605e-01 4.521792187907087979e-02
5.399999999999995026e+00 3.000000000000000444e-01 7.694203168423113803e-01 1.855974933059579557e-01 4.498218985173062234e-02
5.499999999999994671e+00 3.000000000000000444e-01 7.706476094431441437e-01 1.846041119949391185e-01 4.474827856191671005e-02
5.599999999999994316e+00 3.000000000000000444e-01 7.718658633274451120e-01 1.836179491331383362e-01 4.451618753941650325e-02
5.699999999999993960e+00 3.000000000000000444e-01 7.730750793560781098e-01 1.826390046145510149e-01 4.428591602937079208e-02
5.799999999999993605e+00 3.000000000000000444e-01 7.742752598378009887e-01 1.816672771648562279e-01 4.405746299734270705e-02
5.899999999999993250e+00 3.000000000000000444e-01 7.754664085048288413e-01 1.807027643607522771e-01 4.383082713441893014e-02
5.999999999999992895e+00 3.000000000000000444e-01 7.766485304881988183e-01 1.797454626494621177e-01 4.360600686233908480e-02
6.099999999999992539e+00 3.000000000000000444e-01 7.778216322929596416e-01 1.787953673683913003e-01 4.338300033864908589e-02
6.199999999999992184e+00 3.000000000000000444e-01 7.789857217732022443e-01 1.778524727649226922e-01 4.316180546187504269e-02
6.299999999999991829e+00 3.000000000000000444e-01 7.801408081069568512e-01 1.769167720163303814e-01 4.294241987671266331e-02
6.399999999999991473e+00 3.000000000000000444e-01 7.812869017709724861e-01 1.759882572497979691e-01 4.272484097922957247e-02
6.499999999999991118e+00 3.000000000000000444e-01 7.824240145153990023e-01 1.750669195625247920e-01 4.250906592207626122e-02
6.599999999999990763e+00 3.000000000000000444e-01 7.835521593383920624e-01 1.741527490419060853e-01 4.229509161970188003e-02
6.699999999999990408e+00 3.000000000000000444e-01 7.846713504606588341e-01 1.732457347857697949e-01 4.208291475357144734e-02
6.799999999999990052e+00 3.000000000000000444e-01 7.857816032999611622e-01 1.723458649226575490e-01 4.187253177738137211e-02
6.899999999999989697e+00 3.000000000000000444e-01 7.868829344455956498e-01 1.714531266321349390e-01 4.166393892226953610e-02
6.999999999999989342e+00 3.000000000000000444e-01 7.879753616328679655e-01 1.705675061651155955e-01 4.145713220201645288e-02
7.099999999999988987e+00 3.000000000000000444e-01 7.890589037175762543e-01 1.696889888641884836e-01 4.125210741823524818e-02
7.199999999999988631e+00 3.000000000000000444e-01 7.901335806505223047e-01 1.688175591839315703e-01 4.104886016554615963e-02
7.299999999999988276e+00 3.000000000000000444e-01 7.911994134520635713e-01 1.679532007112025938e-01 4.084738583673374474e-02
7.399999999999987921e+00 3.000000000000000444e-01 7.922564241867260382e-01 1.670958961853910851e-01 4.064767962788300160e-02
7.499999999999987566e+00 3.000000000000000444e-01 7.933046359378852497e-01 1.662456275186225962e-01 4.044973654349220266e-02
7.599999999999987210e+00 3.000000000000000444e-01 7.943440727825402670e-01 1.654023758159002544e-01 4.025355140155942313e-02
7.699999999999986855e+00 3.000000000000000444e-01 7.953747597661837698e-01 1.645661213951757906e-01 4.005911883864046036e-02
7.799999999999986500e+00 3.000000000000000444e-01 7.963967228777890650e-01 1.637368438073354693e-01 3.986643331487541020e-02
7.899999999999986144e+00 3.000000000000000444e-01 7.974099890249256584e-01 1.629145218560929254e-01 3.967548911898149261e-02
7.999999999999985789e+00 3.000000000000000444e-01 7.984145860090126057e-01 1.620991336177773079e-01 3.948628037321010725e-02
4.000000000000000000e+00 4.000000000000000222e-01 6.984038445777274173e-01 2.377374019912888437e-01 6.385875343098378065e-02
4.099999999999999645e+00 4.000000000000000222e-01 6.999815939047622226e-01 2.364891219543541478e-01 6.352928414088371278e-02
4.199999999999999289e+00 4.000000000000000222e-01 7.015514178711288462e-01 2.352470184194277170e-01 6.320156370944345070e-02
4.299999999999998934e+00 4.000000000000000222e-01 7.031132481990602923e-01 2.340111454275162761e-01 6.287560637342338998e-02
4.399999999999998579e+00 4.000000000000000222e-01 7.046670186400546543e-01 2.327815554364112971e-01 6.255142592353409026e-02
4.499999999999998224e+00 4.000000000000000222e-01 7.062126649737452411e-01 2.315582993209730767e-01 6.222903570528175859e-02
4.599999999999997868e+00 4.000000000000000222e-01 7.077501250057500748e-01 2.303414263742212253e-01 6.190844862002883864e-02
4.699999999999997513e+00 4.000000000000000222e-01 7.092793385645131954e-01 2.291309843092210752e-01 6.158967712626579188e-02
4.799999999999997158e+00 4.000000000000000222e-01 7.108002474971610862e-01 2.279270192617498525e-01 6.127273324108908903e-02
4.899999999999996803e+00 4.000000000000000222e-01 7.123127956643865444e-01 2.267295757937318190e-01 6.095762854188160884e-02
4.999999999999996447e+00 4.000000000000000222e-01 7.138169289343850865e-01 2.255386968974243400e-01 6.064437416819055265e-02
5.099999999999996092e+00 4.000000000000000222e-01 7.153125951758572132e-01 2.243544240003436385e-01 6.033298082379902338e-02
5.199999999999995737e+00 4.000000000000000222e-01 7.167997442501035099e-01 2.231767969709109178e-01 6.002345877898539184e-02
5.299999999999995381e+00 4.000000000000000222e-01 7.182783280022266847e-01 2.220058541248065009e-01 5.971581787296686289e-02
5.399999999999995026e+00 4.000000000000000222e-01 7.197483002514654116e-01 2.208416322320130853e-01 5.941006751652141288e-02
5.499999999999994671e+00 4.000000000000000222e-01 7.212096167806832936e-01 2.196841665245329034e-01 5.910621669478381690e-02
5.599999999999994316e+00 4.000000000000000222e-01 7.226622353250281572e-01 2.185334907047614683e-01 5.880427397021026348e-02
5.699999999999993960e+00 4.000000000000000222e-01 7.241061155597929844e-01 2.173896369545002261e-01 5.850424748570669936e-02
5.799999999999993605e+00 4.000000000000000222e-01 7.255412190874932499e-01 2.162526359445912094e-01 5.820614496791558234e-02
5.899999999999993250e+00 4.000000000000000222e-01 7.269675094241891955e-01 2.151225168451547654e-01 5.790997373065603221e-02
5.999999999999992895e+00 4.000000000000000222e-01 7.283849519850738030e-01 2.139993073364139520e-01 5.761574067851218950e-02
6.099999999999992539e+00 4.000000000000000222e-01 7.297935140693504463e-01 2.128830336200858431e-01 5.732345231056385632e-02
6.199999999999992184e+00 4.000000000000000222e-01 7.311931648444230936e-01 2.117737204313216992e-01 5.703311472425522111e-02
6.299999999999991829e+00 4.000000000000000222e-01 7.325838753294268146e-01 2.106713910511780197e-01 5.674473361939525590e-02
6.399999999999991473e+00 4.000000000000000222e-01 7.339656183781159138e-01 2.095760673195989632e-01 5.645831430228512998e-02
6.499999999999991118e+00 4.000000000000000222e-01 7.353383686611411063e-01 2.084877696488919574e-01 5.617386168996704038e-02
6.599999999999990763e+00 4.000000000000000222e-01 7.367021026477335033e-01 2.074065170376771516e-01 5.589138031458933120e-02
6.699999999999990408e+00 4.000000000000000222e-01 7.380567985868257130e-01 2.063323270852923108e-01 5.561087432788201779e-02
6.799999999999990052e+00 4.000000000000000222e-01 7.394024364876282673e-01 2.052652160066335274e-01 5.533234750573825383e-02
6.899999999999989697e+00 4.000000000000000222e-01 7.407389980996902379e-01 2.042051986474140990e-01 5.505580325289564231e-02
6.999999999999989342e+00 4.000000000000000222e-01 7.420664668924670249e-01 2.031522884998204770e-01 5.478124460771258836e-02
7.099999999999988987e+00 4.000000000000000222e-01 7.433848280344161896e-01 2.021064977185494660e-01 5.450867424703433745e-02
7.199999999999988631e+00 4.000000000000000222e-01 7.446940683716519738e-01 2.010678371372046913e-01 5.423809449114338349e-02
7.299999999999988276e+00 4.000000000000000222e-01 7.459941764061739367e-01 2.000363162850366527e-01 5.396950730878938979e-02
7.399999999999987921e+00 4.000000000000000222e-01 7.472851422737021299e-01 1.990119434040051039e-01 5.370291432229292589e-02
7.499999999999987566e+00 4.000000000000000222e-01 7.485669577211334635e-01 1.979947254661475198e-01 5.343831681271889178e-02
7.599999999999987210e+00 4.000000000000000222e-01 7.498396160836524604e-01 1.969846681912340303e-01 5.317571572511362726e-02
7.699999999999986855e+00 4.000000000000000222e-01 7.511031122615079436e-01 1.959817760646909157e-01 5.291511167380116148e-02
7.799999999999986500e+00 4.000000000000000222e-01 7.523574426964896311e-01 1.949860523557757630e-01 5.265650494773452261e-02
7.899999999999986144e+00 4.000000000000000222e-01 7.536026053481194031e-01 1.939974991359850187e-01 5.239989551589550182e-02
7.999999999999985789e+00 4.000000000000000222e-01 7.548385996695822220e-01 1.930161172976775086e-01 5.214528303274021392e-02
4.000000000000000000e+00 5.000000000000000000e-01 6.375377474403944866e-01 2.789534426237817444e-01 8.350880993582375511e-02
4.099999999999999645e+00 5.000000000000000000e-01 6.393041112875904597e-01 2.775890786385253328e-01 8.310681007388423525e-02
4.199999999999999289e+00 5.000000000000000000e-01 6.410647314049985335e-01 2.762290738957328129e-01 8.270619469926851486e-02
4.299999999999998934e+00 5.000000000000000000e-01 6.428194918409124714e-01 2.748735171461764715e-01 8.230699101291107100e-02
4.399999999999998579e+00 5.000000000000000000e-01 6.445682783953764483e-01 2.735224958231847192e-01 8.190922578143881860e-02
4.499999999999998224e+00 5.000000000000000000e-01 6.463109786458686168e-01 2.721760960223819081e-01 8.151292533174943344e-02
4.599999999999997868e+00 5.000000000000000000e-01 6.480474819718188284e-01 2.708344024823107765e-01 8.111811554587029793e-02
4.699999999999997513e+00 5.000000000000000000e-01 6.497776795779607317e-01 2.694974985659411293e-01 8.072482185609805572e-02
4.799999999999997158e+00 5.000000000000000000e-01 6.515014645165088103e-01 2.681654662430713043e-01 8.033306924041981600e-02
4.899999999999996803e+00 5.000000000000000000e-01 6.532187317081568079e-01 2.668383860736266988e-01 7.994288221821649332e-02
4.999999999999996447e+00 5.000000000000000000e-01 6.549293779618938771e-01 2.655163371918581316e-01 7.955428484624807450e-02
5.099999999999996092e+00 5.000000000000000000e-01 6.566333019936364535e-01 2.641993972914425948e-01 7.916730071492092402e-02
5.199999999999995737e+00 5.000000000000000000e-01 6.583304044436749658e-01 2.628876426114885034e-01 7.878195294483655853e-02
5.299999999999995381e+00 5.000000000000000000e-01 6.600205878929340519e-01 2.615811479234445569e-01 7.839826418362134952e-02
5.399999999999995026e+00 5.000000000000000000e-01 6.617037568780513856e-01 2.602799865189127648e-01 7.801625660303579401e-02
5.499999999999994671e+00 5.000000000000000000e-01 6.633798179052738941e-01 2.589842301983639183e-01 7.763595189636222915e-02
5.599999999999994316e+00 5.000000000000000000e-01 6.650486794631774723e-01 2.576939492607529525e-01 7.725737127606953358e-02
5.699999999999993960e+00 5.000000000000000000e-01 6.667102520342147454e-01 2.564092124940319239e-01 7.688053547175326130e-02
5.799999999999993605e+00 5.000000000000000000e-01 6.683644481050972086e-01 2.551300871665546088e-01 7.650546472834814093e-02
5.899999999999993250e+00 5.000000000000000000e-01 6.700111821760176278e-01 2.538566390193702782e-01 7.613217880461203846e-02
5.999999999999992895e+00 5.000000000000000000e-01 6.716503707687222491e-01 2.525889322593995456e-01 7.576069697187810814e-02
6.099999999999992539e+00 5.000000000000000000e-01 6.732819324334436972e-01 2.513270295534846266e-01 7.539103801307167618e-02
6.199999999999992184e+00 5.000000000000000000e-01 6.749057877546996709e-01 2.500709920233096240e-01 7.502322022199078844e-02
6.299999999999991829e+00 5.000000000000000000e-01 6.765218593559746418e-01 2.488208792411800707e-01 7.465726140284528745e-02
6.399999999999991473e+00 5.000000000000000000e-01 6.781300719032938851e-01 2.475767492266542635e-01 7.429317887005186527e-02
6.499999999999991118e+00 5.000000000000000000e-01 6.797303521077022737e-01 2.463386584440159788e-01 7.393098944828184471e-02
6.599999999999990763e+00 5.000000000000000000e-01 6.813226287266638259e-01 2.451066618005793563e-01 7.357070947275684558e-02
6.699999999999990408e+00 5.000000000000000000e-01 6.829068325643958826e-01 2.438808126458144876e-01 7.321235478978958822e-02
6.799999999999990052e+00 5.000000000000000000e-01 6.844828964711540120e-01 2.426611627712813302e-01 7.285594075756469945e-02
6.899999999999989697e+00 5.000000000000000000e-01 6.860507553414822990e-01 2.414477624113618992e-01 7.250148224715580181e-02
6.999999999999989342e+00 5.000000000000000000e-01 6.876103461114505544e-01 2.402406602447755279e-01 7.214899364377386215e-02
7.099999999999988987e+00 5.000000000000000000e-01 6.891616077548903263e-01 2.390399033968664266e-01 7.179848884824321931e-02
7.199999999999988631e+00 5.000000000000000000e-01 6.907044812786543586e-01 2.378455374426467761e-01 7.144998127869876814e-02
7.299999999999988276e+00 5.000000000000000000e-01 6.922389097169141525e-01 2.366576064105843369e-01 7.110348387250162161e-02
7.399999999999987921e+00 5.000000000000000000e-01 6.937648381245171691e-01 2.354761527871165883e-01 7.075900908836629810e-02
7.499999999999987566e+00 5.000000000000000000e-01 6.952822135694255445e-01 2.343012175218790738e-01 7.041656890869540941e-02
7.599999999999987210e+00 5.000000000000000000e-01 6.967909851242535257e-01 2.331328400336299678e-01 7.007617484211635384e-02
7.699999999999986855e+00 5.000000000000000000e-01 6.982911038569290518e-01 2.319710582168563462e-01 6.973783792621464361e-02
7.799999999999986500e+00 5.000000000000000000e-01 6.997825228204974657e-01 2.308159084490443436e-01 6.940156873045821850e-02
7.899999999999986144e+00 5.000000000000000000e-01 7.012651970420932246e-01 2.296674255985985125e-01 6.906737735930824906e-02
7.999999999999985789e+00 5.000000000000000000e-01 7.027390835110992606e-01 2.285256430333916788e-01 6.873527345550914380e-02
4.000000000000000000e+00 5.999999999999999778e-01 5.701840451486536177e-01 3.220316723552884008e-01 1.077842824960579399e-01
4.099999999999999645e+00 5.999999999999999778e-01 5.720693391816301654e-01 3.206136736814411692e-01 1.073169871369288181e-01
4.199999999999999289e+00 5.999999999999999778e-01 5.739521719495248586e-01 3.191974880073644161e-01 1.068503400431107947e-01
4.299999999999998934e+00 5.999999999999999778e-01 5.758323939489335963e-01 3.177832258072338378e-01 1.063843802438326214e-01
4.399999999999998579e+00 5.999999999999999778e-01 5.777098565150253773e-01 3.163709969670920885e-01 1.059191465178824509e-01
4.499999999999998224e+00 5.999999999999999778e-01 5.795844118700258507e-01 3.149609107484766524e-01 1.054546773814974414e-01
4.599999999999997868e+00 5.999999999999999778e-01 5.814559131710538287e-01 3.135530757525046841e-01 1.049910110764414178e-01
4.699999999999997513e+00 5.999999999999999778e-01 5.833242145572781201e-01 3.121475998844422950e-01 1.045281855582795849e-01
4.799999999999997158e+00 5.999999999999999778e-01 5.851891711963574938e-01 3.107445903187845415e-01 1.040662384848580618e-01
4.899999999999996803e+00 5.999999999999999778e-01 5.870506393301343495e-01 3.093441534648692648e-01 1.036052072049963996e-01
4.999999999999996447e+00 5.999999999999999778e-01 5.889084763195484573e-01 3.079463949330517591e-01 1.031451287473999084e-01
5.099999999999996092e+00 5.999999999999999778e-01 5.907625406887385688e-01 3.065514195014615861e-01 1.026860398097998589e-01
5.199999999999995737e+00 5.999999999999999778e-01 5.926126921683065873e-01 3.051593310833655703e-01 1.022279767483278146e-01
5.299999999999995381e+00 5.999999999999999778e-01 5.944587917377085473e-01 3.037702326951597920e-01 1.017709755671316885e-01
5.399999999999995026e+00 5.999999999999999778e-01 5.963007016667518645e-01 3.023842264250093392e-01 1.013150719082387269e-01
5.499999999999994671e+00 5.999999999999999778e-01 5.981382855561672152e-01 3.010014134021600229e-01 1.008603010416727758e-01
5.599999999999994316e+00 5.999999999999999778e-01 5.999714083772310635e-01 2.996218937669383742e-01 1.004066978558306594e-01
5.699999999999993960e+00 5.999999999999999778e-01 6.017999365104159670e-01 2.982457666414601860e-01 9.995429684812372206e-02
5.799999999999993605e+00 5.999999999999999778e-01 6.036237377830449002e-01 2.968731301010658630e-01 9.950313211588926454e-02
5.899999999999993250e+00 5.999999999999999778e-01 6.054426815059248401e-01 2.955040811464979544e-01 9.905323734757713605e-02
5.999999999999992895e+00 5.999999999999999778e-01 6.072566385089448460e-01 2.941387156768393574e-01 9.860464581421582442e-02
6.099999999999992539e+00 5.999999999999999778e-01 6.090654811756129883e-01 2.927771284632248450e-01 9.815739036116223615e-02
6.199999999999992184e+00 5.999999999999999778e-01 6.108690834765201361e-01 2.914194131233412421e-01 9.771150340013859403e-02
6.299999999999991829e+00 5.999999999999999778e-01 6.126673210017082871e-01 2.900656620967305144e-01 9.726701690156118463e-02
6.399999999999991473e+00 5.999999999999999778e-01 6.144600709919327830e-01 2.887159666209047626e-01 9.682396238716239889e-02
6.499999999999991118e+00 5.999999999999999778e-01 6.162472123688003123e-01 2.873704167082891670e-01 9.638237092291060404e-02
6.599999999999990763e+00 5.999999999999999778e-01 6.180286257637719327e-01 2.860291011239985415e-01 9.594227311222949806e-02
6.699999999999990408e+00 5.999999999999999778e-01 6.198041935460208984e-01 2.846921073644600453e-01 9.550369908951904241e-02
6.799999999999990052e+00 5.999999999999999778e-01 6.215737998491313032e-01 2.833595216368884895e-01 9.506667851398013791e-02
6.899999999999989697e+00 5.999999999999999778e-01 6.233373305966316558e-01 2.820314288396236768e-01 9.463124056374468129e-02
6.999999999999989342e+00 5.999999999999999778e-01 6.250946735263548382e-01 2.807079125433331046e-01 9.419741393031194621e-02
7.099999999999988987e+00 5.999999999999999778e-01 6.268457182136190076e-01 2.793890549730888018e-01 9.376522681329219067e-02
7.199999999999988631e+00 5.999999999999999778e-01 6.285903560932208922e-01 2.780749369913210756e-01 9.333470691545803222e-02
7.299999999999988276e+00 5.999999999999999778e-01 6.303284804802442576e-01 2.767656380816516659e-01 9.290588143810399324e-02
7.399999999999987921e+00 5.999999999999999778e-01 6.320599865896739944e-01 2.754612363336119696e-01 9.247877707671402214e-02
7.499999999999987566e+00 5.999999999999999778e-01 6.337847715548190486e-01 2.741618084282443912e-01 9.205342001693649079e-02
7.599999999999987210e+00 5.999999999999999778e-01 6.355027344445436377e-01 2.728674296245903186e-01 9.162983593086608536e-02
7.699999999999986855e+00 5.999999999999999778e-01 6.372137762793053106e-01 2.715781737470629453e-01 9.120804997363170241e-02
7.799999999999986500e+00 5.999999999999999778e-01 6.389178000460070672e-01 2.702941131737044977e-01 9.078808678028847667e-02
7.899999999999986144e+00 5.999999999999999778e-01 6.406147107116610950e-01 2.690153188253252003e-01 9.036997046301367686e-02
7.999999999999985789e+00 5.999999999999999778e-01 6.423044152358753367e-01 2.677418601555220934e-01 8.995372460860261155e-02
4.000000000000000000e+00 7.000000000000000666e-01 4.989401843916717594e-01 3.643683990239914294e-01 1.366914165843368112e-01
4.099999999999999645e+00 7.000000000000000666e-01 5.008484899024480130e-01 3.629743300485181456e-01 1.361771800490337858e-01
4.199999999999999289e+00 7.000000000000000666e-01 5.027581905112936678e-01 3.615792731585157349e-01 1.356625363301907083e-01
4.299999999999998934e+00 7.000000000000000666e-01 5.046691310051613089e-01 3.601833384335111909e-01 1.351475305613275557e-01
4.399999999999998579e+00 7.000000000000000666e-01 5.065811557329277237e-01 3.587866363092074296e-01 1.346322079578648467e-01
4.499999999999998224e+00 7.000000000000000666e-01 5.084941086581407088e-01 3.573892775397769506e-01 1.341166138020823961e-01
4.599999999999997868e+00 7.000000000000000666e-01 5.104078334120761840e-01 3.559913731598998154e-01 1.336007934280240006e-01
4.699999999999997513e+00 7.000000000000000666e-01 5.123221733470676442e-01 3.545930344465740292e-01 1.330847922063583544e-01
4.799999999999997158e+00 7.000000000000000666e-01 5.142369715900626526e-01 3.531943728807291905e-01 1.325686555292082680e-01
4.899999999999996803e+00 7.000000000000000666e-01 5.161520710963691805e-01 3.517955001086717215e-01 1.320524287949591258e-01
4.999999999999996447e+00 7.000000000000000666e-01 5.180673147035459447e-01 3.503965279033943725e-01 1.315361573930595440e-01
5.099999999999996092e+00 7.000000000000000666e-01 5.199825451853968827e-01 3.489975681257787010e-01 1.310198866888245550e-01
5.199999999999995737e+00 7.000000000000000666e-01 5.218976053060265796e-01 3.475987326857203352e-01 1.305036620082531129e-01
5.299999999999995381e+00 7.000000000000000666e-01 5.238123378739160119e-01 3.462001335032113269e-01 1.299875286228727167e-01
5.399999999999995026e+00 7.000000000000000666e-01 5.257265857959730893e-01 3.448018824694056295e-01 1.294715317346211703e-01
5.499999999999994671e+00 7.000000000000000666e-01 5.276401921315193588e-01 3.434040914077022277e-01 1.289557164607784412e-01
5.599999999999994316e+00 7.000000000000000666e-01 5.295530001461667968e-01 3.420068720348743430e-01 1.284401278189589990e-01
5.699999999999993960e+00 7.000000000000000666e-01 5.314648533655458307e-01 3.406103359222770188e-01 1.279248107121771783e-01
5.799999999999993605e+00 7.000000000000000666e-01 5.333755956288412925e-01 3.392145944571627880e-01 1.274098099139959195e-01
5.899999999999993250e+00 7.000000000000000666e-01 5.352850711420933383e-01 3.378197588041355059e-01 1.268951700537710725e-01
5.999999999999992895e+00 7.000000000000000666e-01 5.371931245312249192e-01 3.364259398667738821e-01 1.263809356020011709e-01
6.099999999999992539e+00 7.000000000000000666e-01 5.390996008947507301e-01 3.350332482494535191e-01 1.258671508557956675e-01
6.199999999999992184e+00 7.000000000000000666e-01 5.410043458561326624e-01 3.336417942193972697e-01 1.253538599244700125e-01
6.299999999999991829e+00 7.000000000000000666e-01 5.429072056157345783e-01 3.322516876689848297e-01 1.248411067152805920e-01
6.399999999999991473e+00 7.000000000000000666e-01 5.448080270023430982e-01 3.308630380783486036e-01 1.243289349193083121e-01
6.499999999999991118e+00 7.000000000000000666e-01 5.467066575242129911e-01 3.294759544782847605e-01 1.238173879975021791e-01
6.599999999999990763e+00 7.000000000000000666e-01 5.486029454195960886e-01 3.280905454135109589e-01 1.233065091668930496e-01
6.699999999999990408e+00 7.000000000000000666e-01 5.504967397067219714e-01 3.267069189062919987e-01 1.227963413869861131e-01
6.799999999999990052e+00 7.000000000000000666e-01 5.523878902331870178e-01 3.253251824204688725e-01 1.222869273463442208e-01
6.899999999999989697e+00 7.000000000000000666e-01 5.542762477247213937e-01 3.239454428259100349e-01 1.217783094493686408e-01
6.999999999999989342e+00 7.000000000000000666e-01 5.561616638332936846e-01 3.225678063634173087e-01 1.212705298032890067e-01
7.099999999999988987e+00 7.000000000000000666e-01 5.580439911845228584e-01 3.211923786101071321e-01 1.207636302053699123e-01
7.199999999999988631e+00 7.000000000000000666e-01 5.599230834243609234e-01 3.198192644452963473e-01 1.202576521303426738e-01
7.299999999999988276e+00 7.000000000000000666e-01 5.617987952650146388e-01 3.184485680169131805e-01 1.197526367180721391e-01
7.399999999999987921e+00 7.000000000000000666e-01 5.636709825300767474e-01 3.170803927084587248e-01 1.192486247614646805e-01
7.499999999999987566e+00 7.000000000000000666e-01 5.655395021988313120e-01 3.157148411065419658e-01 1.187456566946267084e-01
7.599999999999987210e+00 7.000000000000000666e-01 5.674042124497106210e-01 3.143520149690092746e-01 1.182437725812801599e-01
7.699999999999986855e+00 7.000000000000000666e-01 5.692649727028665785e-01 3.129920151936905759e-01 1.177430121034428734e-01
7.799999999999986500e+00 7.000000000000000666e-01 5.711216436618381520e-01 3.116349417877820049e-01 1.172434145503798986e-01
7.899999999999986144e+00 7.000000000000000666e-01 5.729740873542812363e-01 3.102808938378857073e-01 1.167450188078329870e-01
7.999999999999985789e+00 7.000000000000000666e-01 5.748221671717422820e-01 3.089299694807237651e-01 1.162478633475339668e-01
4.000000000000000000e+00 8.000000000000000444e-01 4.271712646670025038e-01 4.030532504520717985e-01 1.697754848809257255e-01
4.099999999999999645e+00 8.000000000000000444e-01 4.289984020020012334e-01 4.017597831479316484e-01 1.692418148500671182e-01
4.199999999999999289e+00 8.000000000000000444e-01 4.308305732687576772e-01 4.004628887240132551e-01 1.687065380072290677e-01
4.299999999999998934e+00 8.000000000000000444e-01 4.326676487413334549e-01 3.991626544934284704e-01 1.681696967652381858e-01
4.399999999999998579e+00 8.000000000000000444e-01 4.345094971460693456e-01 3.978591688778333468e-01 1.676313339760973353e-01
4.499999999999998224e+00 8.000000000000000444e-01 4.363559856964890349e-01 3.965525213841842311e-01 1.670914929193267617e-01
4.599999999999997868e+00 8.000000000000000444e-01 4.382069801292673428e-01 3.952428025807264711e-01 1.665502172900062139e-01
4.699999999999997513e+00 8.000000000000000444e-01 4.400623447412455036e-01 3.939301040722280045e-01 1.660075511865264086e-01
4.799999999999997158e+00 8.000000000000000444e-01 4.419219424274730690e-01 3.926145184744710415e-01 1.654635390980557508e-01
4.899999999999996803e+00 8.000000000000000444e-01 4.437856347202527862e-01 3.912961393880169947e-01 1.649182258917301913e-01
4.999999999999996447e+00 8.000000000000000444e-01 4.456532818291684683e-01 3.899750613712578695e-01 1.643716567995736066e-01
5.099999999999996092e+00 8.000000000000000444e-01 4.475247426820706531e-01 3.886513799127728208e-01 1.638238774051564983e-01
5.199999999999995737e+00 8.000000000000000444e-01 4.493998749669939619e-01 3.873251914030038101e-01 1.632749336300023391e-01
5.299999999999995381e+00 8.000000000000000444e-01 4.512785351749816209e-01 3.859965931052699029e-01 1.627248717197485317e-01
5.399999999999995026e+00 8.000000000000000444e-01 4.531605786437880590e-01 3.846656831261391352e-01 1.621737382300727226e-01
5.499999999999994671e+00 8.000000000000000444e-01 4.550458596024319902e-01 3.833325603851751584e-01 1.616215800123926849e-01
5.599999999999994316e+00 8.000000000000000444e-01 4.569342312165690090e-01 3.819973245840817544e-01 1.610684441993492644e-01
5.699999999999993960e+00 8.000000000000000444e-01 4.588255456346541084e-01 3.806600761752624851e-01 1.605143781900834343e-01
5.799999999999993605e+00 8.000000000000000444e-01 4.607196540348620362e-01 3.793209163298220110e-01 1.599594296353160916e-01
5.899999999999993250e+00 8.000000000000000444e-01 4.626164066727319057e-01 3.779799469050264538e-01 1.594036464222416405e-01
5.999999999999992895e+00 8.000000000000000444e-01 4.645156529295029757e-01 3.766372704112498915e-01 1.588470766592472161e-01
6.099999999999992539e+00 8.000000000000000444e-01 4.664172413611062940e-01 3.752929899784280821e-01 1.582897686604655407e-01
6.199999999999992184e+00 8.000000000000000444e-01 4.683210197477779557e-01 3.739472093220460591e-01 1.577317709301761239e-01
6.299999999999991829e+00 8.000000000000000444e-01 4.702268351442552285e-01 3.726000327086819719e-01 1.571731321470626885e-01
6.399999999999991473e+00 8.000000000000000444e-01 4.721345339305217381e-01 3.712515649211368118e-01 1.566139011483415888e-01
6.499999999999991118e+00 8.000000000000000444e-01 4.740439618630592489e-01 3.699019112231709538e-01 1.560541269137698528e-01
6.599999999999990763e+00 8.000000000000000444e-01 4.759549641265731768e-01 3.685511773238797639e-01 1.554938585495470593e-01
6.699999999999990408e+00 8.000000000000000444e-01 4.778673853861464260e-01 3.671994693417309219e-01 1.549331452721225966e-01
6.799999999999990052e+00 8.000000000000000444e-01 4.797810698397875773e-01 3.658468937682938793e-01 1.543720363919185989e-01
6.899999999999989697e+00 8.000000000000000444e-01 4.816958612713282961e-01 3.644935574316877647e-01 1.538105812969838837e-01
6.999999999999989342e+00 8.000000000000000444e-01 4.836116031036323260e-01 3.631395674597784340e-01 1.532488294365892956e-01
7.099999999999988987e+00 8.000000000000000444e-01 4.855281384520737098e-01 3.617850312431495907e-01 1.526868303047765607e-01
7.199999999999988631e+00 8.000000000000000444e-01 4.874453101782430520e-01 3.604300563978817262e-01 1.521246334238751108e-01
