4.000000000000000000e+00 1.000000000000000056e-01 9.579265068990133747e-01 2.500515155897401962e-02 1.706834154201258835e-02
4.099999999999999645e+00 1.000000000000000056e-01 9.585235839629344667e-01 2.459788205452068457e-02 1.687853398254490767e-02
4.199999999999999289e+00 1.000000000000000056e-01 9.590729286474870552e-01 2.422151053270173854e-02 1.670556081981111607e-02
4.299999999999998934e+00 1.000000000000000056e-01 9.595789240060431657e-01 2.387324985959835694e-02 1.654782613435847732e-02
4.399999999999998579e+00 1.000000000000000056e-01 9.600454940059103270e-01 2.355060589385587003e-02 1.640390010023370926e-02
4.499999999999998224e+00 1.000000000000000056e-01 9.604761577713565313e-01 2.325134255891483578e-02 1.627249966972859826e-02
4.599999999999997868e+00 1.000000000000000056e-01 9.608740767142952555e-01 2.297345152019961839e-02 1.615247176550499084e-02
4.699999999999997513e+00 1.000000000000000056e-01 9.612420955661268307e-01 2.271512581025433158e-02 1.604277862361886547e-02
4.799999999999997158e+00 1.000000000000000056e-01 9.615827781708603528e-01 2.247473684418108825e-02 1.594248498495859714e-02
4.899999999999996803e+00 1.000000000000000056e-01 9.618984387703322092e-01 2.225081435152351239e-02 1.585074687814435127e-02
4.999999999999996447e+00 1.000000000000000056e-01 9.621911694032655449e-01 2.204202882140656600e-02 1.576680177532778851e-02
5.099999999999996092e+00 1.000000000000000056e-01 9.624628639478920444e-01 2.184717611738366122e-02 1.568995993472436720e-02
5.199999999999995737e+00 1.000000000000000056e-01 9.627152392601338038e-01 2.166516396881165707e-02 1.561959677105440557e-02
5.299999999999995381e+00 1.000000000000000056e-01 9.629498537936652669e-01 2.149500008816050342e-02 1.555514611817420192e-02
5.399999999999995026e+00 1.000000000000000056e-01 9.631681240325722371e-01 2.133578169970705776e-02 1.549609426772067915e-02
5.499999999999994671e+00 1.000000000000000056e-01 9.633713390202476301e-01 2.118668629561070230e-02 1.544197468414151321e-02
5.599999999999994316e+00 1.000000000000000056e-01 9.635606732281940534e-01 2.104696346129205503e-02 1.539236331051389156e-02
5.699999999999993960e+00 1.000000000000000056e-01 9.637371979744612238e-01 2.091592763406951994e-02 1.534687439146921809e-02
5.799999999999993605e+00 1.000000000000000056e-01 9.639018915725626746e-01 2.079295167776503556e-02 1.530515674967239566e-02
5.899999999999993250e+00 1.000000000000000056e-01 9.640556483670864596e-01 2.067746117198051431e-02 1.526689046093316141e-02
5.999999999999992895e+00 1.000000000000000056e-01 9.641992867912082543e-01 2.056892932840362689e-02 1.523178388038816562e-02
6.099999999999992539e+00 1.000000000000000056e-01 9.643335565633331941e-01 2.046687245818311351e-02 1.519957097848369937e-02
6.199999999999992184e+00 1.000000000000000056e-01 9.644591451247019886e-01 2.037084592442421627e-02 1.517000895087384366e-02
6.299999999999991829e+00 1.000000000000000056e-01 9.645766834065854223e-01 2.028044052244661749e-02 1.514287607096784574e-02
6.399999999999991473e+00 1.000000000000000056e-01 9.646867510043358740e-01 2.019527923783514048e-02 1.511796975782900981e-02
6.499999999999991118e+00 1.000000000000000056e-01 9.647898808257815428e-01 2.011501433867540073e-02 1.509510483554298184e-02
6.599999999999990763e+00 1.000000000000000056e-01 9.648865632730224684e-01 2.003932476385713105e-02 1.507411196312031382e-02
6.699999999999990408e+00 1.000000000000000056e-01 9.649772500093852790e-01 1.996791377407101595e-02 1.505483621654378490e-02
6.799999999999990052e+00 1.000000000000000056e-01 9.650623573569919733e-01 1.990050683623215133e-02 1.503713580677582852e-02
6.899999999999989697e+00 1.000000000000000056e-01 9.651422693649223117e-01 1.983684971562415036e-02 1.502088091945369235e-02
6.999999999999989342e+00 1.000000000000000056e-01 9.652173405831865338e-01 1.977670675315090082e-02 1.500595266366264689e-02
7.099999999999988987e+00 1.000000000000000056e-01 9.652878985736007555e-01 1.971985930777342064e-02 1.499224211862579086e-02
7.199999999999988631e+00 1.000000000000000056e-01 9.653542461850339595e-01 1.966610434655384834e-02 1.497964946841213833e-02
7.299999999999988276e+00 1.000000000000000056e-01 9.654166636173547866e-01 1.961525316677474595e-02 1.496808321587050732e-02
7.399999999999987921e+00 1.000000000000000056e-01 9.654754102956458750e-01 1.956713023638978130e-02 1.495745946796431074e-02
7.499999999999987566e+00 1.000000000000000056e-01 9.655307265738390932e-01 1.952157214062787138e-02 1.494770128553291923e-02
7.599999999999987210e+00 1.000000000000000056e-01 9.655828352848032647e-01 1.947842662394462174e-02 1.493873809125204760e-02
7.699999999999986855e+00 1.000000000000000056e-01 9.656319431520541396e-01 1.943755171772059212e-02 1.493050513022543824e-02
7.799999999999986500e+00 1.000000000000000056e-01 9.656782420766152342e-01 1.939881494516443317e-02 1.492294297822041593e-02
7.899999999999986144e+00 1.000000000000000056e-01 9.657219103111119862e-01 1.936209259581226499e-02 1.491599709307583725e-02
7.999999999999985789e+00 1.000000000000000056e-01 9.657631135318979210e-01 1.932726906283683058e-02 1.490961740526522937e-02
4.000000000000000000e+00 2.000000000000000111e-01 9.572457760836684537e-01 2.538955605985493760e-02 1.736466785647656011e-02
4.099999999999999645e+00 2.000000000000000111e-01 9.579054314731759723e-01 2.494571428861435194e-02 1.714885423820960986e-02
4.199999999999999289e+00 2.000000000000000111e-01 9.585111985441768789e-01 2.453646796988297879e-02 1.695233348594022554e-02
4.299999999999998934e+00 2.000000000000000111e-01 9.590681246234239454e-01 2.415862269014994526e-02 1.677325268642594971e-02
4.399999999999998579e+00 2.000000000000000111e-01 9.595807183013767006e-01 2.380932650346521268e-02 1.660995519515811453e-02
4.499999999999998224e+00 2.000000000000000111e-01 9.600530142432812664e-01 2.348602839650552540e-02 1.646095736021312497e-02
4.599999999999997868e+00 2.000000000000000111e-01 9.604886293648078333e-01 2.318644231347402954e-02 1.632492832171819272e-02
4.699999999999997513e+00 2.000000000000000111e-01 9.608908116182024450e-01 2.290851593783322857e-02 1.620067244396434375e-02
4.799999999999997158e+00 2.000000000000000111e-01 9.612624824450206606e-01 2.265040355023221000e-02 1.608711400474701486e-02
4.899999999999996803e+00 2.000000000000000111e-01 9.616062737913584346e-01 2.241044238516044437e-02 1.598328382348094753e-02
4.999999999999996447e+00 2.000000000000000111e-01 9.619245604464917720e-01 2.218713199584201531e-02 1.588830755766623345e-02
5.099999999999996092e+00 2.000000000000000111e-01 9.622194883519932240e-01 2.197911621022735629e-02 1.580139543777948213e-02
5.199999999999995737e+00 2.000000000000000111e-01 9.624929994323584426e-01 2.178516732281749260e-02 1.572183324482409605e-02
5.299999999999995381e+00 2.000000000000000111e-01 9.627468534170988690e-01 2.160417221929756409e-02 1.564897436360367100e-02
5.399999999999995026e+00 2.000000000000000111e-01 9.629826470557585338e-01 2.143512017510522047e-02 1.558223276913620926e-02
5.499999999999994671e+00 2.000000000000000111e-01 9.632018310693706287e-01 2.127709210641103021e-02 1.552107682421833244e-02
5.599999999999994316e+00 2.000000000000000111e-01 9.634057251327927673e-01 2.112925108362774182e-02 1.546502378357937635e-02
5.699999999999993960e+00 2.000000000000000111e-01 9.635955311407564672e-01 2.099083394440333025e-02 1.541363491484019910e-02
5.799999999999993605e+00 2.000000000000000111e-01 9.637723449751182114e-01 2.086114386585173966e-02 1.536651115903003503e-02
5.899999999999993250e+00 2.000000000000000111e-01 9.639371669607539328e-01 2.073954377517138459e-02 1.532328926407469823e-02
5.999999999999992895e+00 2.000000000000000111e-01 9.640909111719274671e-01 2.062545049433003874e-02 1.528363833374237445e-02
6.099999999999992539e+00 2.000000000000000111e-01 9.642344137291266604e-01 2.051832952860198692e-02 1.524725674227155221e-02
6.199999999999992184e+00 2.000000000000000111e-01 9.643684402076811990e-01 2.041769042080455315e-02 1.521386937151417845e-02
6.299999999999991829e+00 2.000000000000000111e-01 9.644936922635076737e-01 2.032308260340988729e-02 1.518322513308248065e-02
6.399999999999991473e+00 2.000000000000000111e-01 9.646108135675958151e-01 2.023409168956917872e-02 1.515509474283485876e-02
6.499999999999991118e+00 2.000000000000000111e-01 9.647203951291002388e-01 2.015033615170047990e-02 1.512926871919934024e-02
6.599999999999990763e+00 2.000000000000000111e-01 9.648229800767393893e-01 2.007146434284631450e-02 1.510555558041412269e-02
6.699999999999990408e+00 2.000000000000000111e-01 9.649190679594878972e-01 1.999715182165963390e-02 1.508378021885244287e-02
6.799999999999990052e+00 2.000000000000000111e-01 9.650091186199776239e-01 1.992709894675778748e-02 1.506378243326438396e-02
6.899999999999989697e+00 2.000000000000000111e-01 9.650935556875134269e-01 1.986102871040967138e-02 1.504541560207691732e-02
6.999999999999989342e+00 2.000000000000000111e-01 9.651727697319256727e-01 1.979868478518167010e-02 1.502854548289253057e-02
7.099999999999988987e+00 2.000000000000000111e-01 9.652471211145877694e-01 1.973982976034622389e-02 1.501304912506605527e-02
7.199999999999988631e+00 2.000000000000000111e-01 9.653169425686271010e-01 1.968424354762144876e-02 1.499881388375132706e-02
7.299999999999988276e+00 2.000000000000000111e-01 9.653825415366535934e-01 1.963172193821704700e-02 1.498573652512933535e-02
7.399999999999987921e+00 2.000000000000000111e-01 9.654442022910552090e-01 1.958207529526182974e-02 1.497372241368286581e-02
7.499999999999987566e+00 2.000000000000000111e-01 9.655021878590848150e-01 1.953512736752356302e-02 1.496268477339178678e-02
7.599999999999987210e+00 2.000000000000000111e-01 9.655567417724527646e-01 1.949071421193709214e-02 1.495254401561004268e-02
7.699999999999986855e+00 2.000000000000000111e-01 9.656080896589716023e-01 1.944868321386495486e-02 1.494322712716341511e-02
7.799999999999986500e+00 2.000000000000000111e-01 9.656564406918579646e-01 1.940889219524862333e-02 1.493466711289341380e-02
7.899999999999986144e+00 2.000000000000000111e-01 9.657019889106257526e-01 1.937120860189633573e-02 1.492680248747796368e-02
7.999999999999985789e+00 2.000000000000000111e-01 9.657449144259985241e-01 1.933550876210740621e-02 1.491957681189414429e-02
4.000000000000000000e+00 3.000000000000000444e-01 9.564682647229284518e-01 2.582981866555248557e-02 1.770191661151909734e-02
4.099999999999999645e+00 3.000000000000000444e-01 9.571998277216746676e-01 2.534394104469139819e-02 1.745623123363394119e-02
4.199999999999999289e+00 3.000000000000000444e-01 9.578703482388183366e-01 2.489694906512774850e-02 1.723270269605395658e-02
4.299999999999998934e+00 3.000000000000000444e-01 9.584856577445902692e-01 2.448516910480666789e-02 1.702917315060295186e-02
4.399999999999998579e+00 3.000000000000000444e-01 9.590509533058846348e-01 2.410532916067944023e-02 1.684371753343603256e-02
4.499999999999998224e+00 3.000000000000000444e-01 9.595708752905051098e-01 2.375450929585542006e-02 1.667461541363955690e-02
4.599999999999997868e+00 3.000000000000000444e-01 9.600495745569304074e-01 2.343009881811289677e-02 1.652032662495649465e-02
4.699999999999997513e+00 3.000000000000000444e-01 9.604907706636941489e-01 2.312975920681132128e-02 1.637947012949439105e-02
4.799999999999997158e+00 3.000000000000000444e-01 9.608978023974877880e-01 2.285139195582248928e-02 1.625080564668960822e-02
4.899999999999996803e+00 3.000000000000000444e-01 9.612736717207883697e-01 2.259311062715012308e-02 1.613321765206161135e-02
4.999999999999996447e+00 3.000000000000000444e-01 9.616210820725726860e-01 2.235321651703397680e-02 1.602570141039328169e-02
5.099999999999996092e+00 3.000000000000000444e-01 9.619424718147125963e-01 2.213017742663941217e-02 1.592735075864815109e-02
5.199999999999995737e+00 3.000000000000000444e-01 9.622400434977770312e-01 2.192260910556548259e-02 1.583734739665756952e-02
5.299999999999995381e+00 3.000000000000000444e-01 9.625157895197377078e-01 2.172925900061963012e-02 1.575495147964267248e-02
5.399999999999995026e+00 3.000000000000000444e-01 9.627715146664567181e-01 2.154899199650315428e-02 1.567949333704017970e-02
5.499999999999994671e+00 3.000000000000000444e-01 9.630088559513844126e-01 2.138077788083868683e-02 1.561036616777699074e-02
5.599999999999994316e+00 3.000000000000000444e-01 9.632293001114670128e-01 2.122368030469009084e-02 1.554701958384299351e-02
5.699999999999993960e+00 3.000000000000000444e-01 9.634341990651120735e-01 2.107684704251077887e-02 1.548895389237717884e-02
5.799999999999993605e+00 3.000000000000000444e-01 9.636247835947006068e-01 2.093950138325427132e-02 1.543571502204502295e-02
5.899999999999993250e+00 3.000000000000000444e-01 9.638021754793318907e-01 2.081093450798119499e-02 1.538689001268679808e-02
5.999999999999992895e+00 3.000000000000000444e-01 9.639673982721962409e-01 2.069049872936815776e-02 1.534210299843558056e-02
6.099999999999992539e+00 3.000000000000000444e-01 9.641213868903354411e-01 2.057760148561558686e-02 1.530101162404885577e-02
6.199999999999992184e+00 3.000000000000000444e-01 9.642649961618310339e-01 2.047169999583455316e-02 1.526330384233442333e-02
6.299999999999991829e+00 3.000000000000000444e-01 9.643990084560507547e-01 2.037229649645164176e-02 1.522869504749773360e-02
6.399999999999991473e+00 3.000000000000000444e-01 9.645241405059854500e-01 2.027893398883635206e-02 1.519692550517812851e-02
6.499999999999991118e+00 3.000000000000000444e-01 9.646410495174687627e-01 2.019119243749942227e-02 1.516775804503184104e-02
6.599999999999990763e+00 3.000000000000000444e-01 9.647503386478486487e-01 2.010868536606397194e-02 1.514097598608731172e-02
6.699999999999990408e+00 3.000000000000000444e-01 9.648525619261753006e-01 2.003105680496881230e-02 1.511638126885583334e-02
6.799999999999990052e+00 3.000000000000000444e-01 9.649482286778978679e-01 1.995797855068615761e-02 1.509379277141599356e-02
6.899999999999989697e+00 3.000000000000000444e-01 9.650378075092507224e-01 1.988914770126431336e-02 1.507304478948495556e-02
6.999999999999989342e+00 3.000000000000000444e-01 9.651217298997417648e-01 1.982428443735357801e-02 1.505398566290479245e-02
7.099999999999988987e+00 3.000000000000000444e-01 9.652003934452932921e-01 1.976313002164030788e-02 1.503647653306637057e-02
7.199999999999988631e+00 3.000000000000000444e-01 9.652741647895060062e-01 1.970544499288291382e-02 1.502039021761089263e-02
7.299999999999988276e+00 3.000000000000000444e-01 9.653433822760847383e-01 1.965100753358443170e-02 1.500561019033089943e-02
7.399999999999987921e+00 3.000000000000000444e-01 9.654083583516195333e-01 1.959961199280982683e-02 1.499202965557057572e-02
7.499999999999987566e+00 3.000000000000000444e-01 9.654693817445560988e-01 1.955106754781354636e-02 1.497955070763034094e-02
7.599999999999987210e+00 3.000000000000000444e-01 9.655267194432400890e-01 1.950519699002663254e-02 1.496808356673335304e-02
7.699999999999986855e+00 3.000000000000000444e-01 9.655806184933627412e-01 1.946183562260108552e-02 1.495754588403625483e-02
7.799999999999986500e+00 3.000000000000000444e-01 9.656313076328681966e-01 1.942083025815363392e-02 1.494786210897814868e-02
7.899999999999986144e+00 3.000000000000000444e-01 9.656789987804064168e-01 1.938203830661778745e-02 1.493896291297594145e-02
7.999999999999985789e+00 3.000000000000000444e-01 9.657238883916674510e-01 1.934532694422757410e-02 1.493078466410501653e-02
4.000000000000000000e+00 4.000000000000000222e-01 9.555794041728797872e-01 2.633430040188837820e-02 1.808629542523170278e-02
4.099999999999999645e+00 4.000000000000000222e-01 9.563937531719690632e-01 2.580002591344766200e-02 1.780622091458332334e-02
4.199999999999999289e+00 4.000000000000000222e-01 9.571387215530505754e-01 2.530962840952349219e-02 1.755165003742599483e-02
4.299999999999998934e+00 4.000000000000000222e-01 9.578210696498056231e-01 2.485886854382735739e-02 1.732006180636697784e-02
4.399999999999998579e+00 4.000000000000000222e-01 9.584468081008141738e-01 2.444397954302951481e-02 1.710921235615628019e-02
4.499999999999998224e+00 4.000000000000000222e-01 9.590212913217197599e-01 2.406160790048115714e-02 1.691710077779894766e-02
4.599999999999997868e+00 4.000000000000000222e-01 9.595492981432409696e-01 2.370876223957700188e-02 1.674193961718220200e-02
4.699999999999997513e+00 4.000000000000000222e-01 9.600351015054695569e-01 2.338276914246734117e-02 1.658212935206328578e-02
4.799999999999997158e+00 4.000000000000000222e-01 9.604825288086960011e-01 2.308123492476822289e-02 1.643623626653582803e-02
4.899999999999996803e+00 4.000000000000000222e-01 9.608950142756546020e-01 2.280201249322313939e-02 1.630297323112232799e-02
4.999999999999996447e+00 4.000000000000000222e-01 9.612756444730039540e-01 2.254317255518176535e-02 1.618118297181432921e-02
5.099999999999996092e+00 4.000000000000000222e-01 9.616271979652096791e-01 2.230297855999469406e-02 1.606982347479558870e-02
5.199999999999995737e+00 4.000000000000000222e-01 9.619521799267627404e-01 2.207986484618654904e-02 1.596795522705094297e-02
5.299999999999995381e+00 4.000000000000000222e-01 9.622528524145499418e-01 2.187241754730941470e-02 1.587473003814057759e-02
5.399999999999995026e+00 4.000000000000000222e-01 9.625312608975372664e-01 2.167935787603110856e-02 1.578938122643148978e-02
5.499999999999994671e+00 4.000000000000000222e-01 9.627892575525969221e-01 2.149952746225486724e-02 1.571121498514826617e-02
5.599999999999994316e+00 4.000000000000000222e-01 9.630285217607514880e-01 2.133187546856528047e-02 1.563960277068326618e-02
5.699999999999993960e+00 4.000000000000000222e-01 9.632505781750623219e-01 2.117544724644927767e-02 1.557397457848849753e-02
5.799999999999993605e+00 4.000000000000000222e-01 9.634568126780425068e-01 2.102937433072791379e-02 1.551381299122951349e-02
5.899999999999993250e+00 4.000000000000000222e-01 9.636484865012834300e-01 2.089286559843799712e-02 1.545864790027859370e-02
5.999999999999992895e+00 4.000000000000000222e-01 9.638267487416216639e-01 2.076519944284796124e-02 1.540805181553032976e-02
6.099999999999992539e+00 4.000000000000000222e-01 9.639926474755967645e-01 2.064571683406943997e-02 1.536163569033384586e-02
6.199999999999992184e+00 4.000000000000000222e-01 9.641471396462044652e-01 2.053381515541328681e-02 1.531904519838215260e-02
6.299999999999991829e+00 4.000000000000000222e-01 9.642910998723216442e-01 2.042894271971970946e-02 1.527995740795864282e-02
6.399999999999991473e+00 4.000000000000000222e-01 9.644253283109832653e-01 2.033059388277202659e-02 1.524407780624463006e-02
6.499999999999991118e+00 4.000000000000000222e-01 9.645505576854426222e-01 2.023830468192215626e-02 1.521113763263527707e-02
6.599999999999990763e+00 4.000000000000000222e-01 9.646674595771426164e-01 2.015164893749907607e-02 1.518089148535851744e-02
6.699999999999990408e+00 4.000000000000000222e-01 9.647766500670462708e-01 2.007023476267608131e-02 1.515311517027767736e-02
6.799999999999990052e+00 4.000000000000000222e-01 9.648786948008541975e-01 1.999370143444465994e-02 1.512760376470098644e-02
6.899999999999989697e+00 4.000000000000000222e-01 9.649741135432389205e-01 1.992171658434560913e-02 1.510416987241543392e-02
6.999999999999989342e+00 4.000000000000000222e-01 9.650633842781185523e-01 1.985397367279042799e-02 1.508264204909093645e-02
7.099999999999988987e+00 4.000000000000000222e-01 9.651469469049840377e-01 1.979018971528400186e-02 1.506286337973201245e-02
7.199999999999988631e+00 4.000000000000000222e-01 9.652252065752154886e-01 1.973010323273797009e-02 1.504469019204636264e-02
7.299999999999988276e+00 4.000000000000000222e-01 9.652985367070697764e-01 1.967347240142793344e-02 1.502799089150237341e-02
7.399999999999987921e+00 4.000000000000000222e-01 9.653672817134291151e-01 1.962007338106966370e-02 1.501264490550116397e-02
7.499999999999987566e+00 4.000000000000000222e-01 9.654317594724358687e-01 1.956969880203373452e-02 1.499854172553033958e-02
7.599999999999987210e+00 4.000000000000000222e-01 9.654922635676419507e-01 1.952215639493402877e-02 1.498558003742407434e-02
7.699999999999986855e+00 4.000000000000000222e-01 9.655490653212825958e-01 1.947726774776252501e-02 1.497366693095474564e-02
7.799999999999986500e+00 4.000000000000000222e-01 9.656024156416201931e-01 1.943486717743495018e-02 1.496271718094500935e-02
7.899999999999986144e+00 4.000000000000000222e-01 9.656525467029682952e-01 1.939480070409542456e-02 1.495265259293626810e-02
7.999999999999985789e+00 4.000000000000000222e-01 9.656996734749776490e-01 1.935692511782852523e-02 1.494340140719400446e-02
4.000000000000000000e+00 5.000000000000000000e-01 9.545621546611426922e-01 2.691276863200327274e-02 1.852507670685421895e-02
4.099999999999999645e+00 5.000000000000000000e-01 9.554720120208457512e-01 2.632267029854373774e-02 1.820531768061036879e-02
4.199999999999999289e+00 5.000000000000000000e-01 9.563027416047420459e-01 2.578227241503590339e-02 1.791498598022218947e-02
4.299999999999998934e+00 5.000000000000000000e-01 9.570622078511074049e-01 2.528666555024203233e-02 1.765112659865064604e-02
4.399999999999998579e+00 5.000000000000000000e-01 9.577573861254468079e-01 2.483149821882597516e-02 1.741111565572726200e-02
4.499999999999998224e+00 5.000000000000000000e-01 9.583944755131389437e-01 2.441290568790979373e-02 1.719261879895125217e-02
4.599999999999997868e+00 5.000000000000000000e-01 9.589789959149740417e-01 2.402744871858151013e-02 1.699355536644437878e-02
4.699999999999997513e+00 5.000000000000000000e-01 9.595158717750599253e-01 2.367206076690644631e-02 1.681206745803353816e-02
4.799999999999997158e+00 5.000000000000000000e-01 9.600095044134401290e-01 2.334400239533525670e-02 1.664649319122477392e-02
4.899999999999996803e+00 5.000000000000000000e-01 9.604638346329749110e-01 2.304082183724554325e-02 1.649534352977974350e-02
4.999999999999996447e+00 5.000000000000000000e-01 9.608823970139426240e-01 2.276032081957158823e-02 1.635728216648571834e-02
5.099999999999996092e+00 5.000000000000000000e-01 9.612683670935747715e-01 2.250052488542022416e-02 1.623110802100498698e-02
5.199999999999995737e+00 5.000000000000000000e-01 9.616246024453379837e-01 2.225965757406633133e-02 1.611573998059556354e-02
5.299999999999995381e+00 5.000000000000000000e-01 9.619536785190048178e-01 2.203611791308306145e-02 1.601020356791214155e-02
5.399999999999995026e+00 5.000000000000000000e-01 9.622579199729104360e-01 2.182846075942927386e-02 1.591361926766036994e-02
5.499999999999994671e+00 5.000000000000000000e-01 9.625394281204984193e-01 2.163537959551637552e-02 1.582519228398530931e-02
5.599999999999994316e+00 5.000000000000000000e-01 9.628001050210361900e-01 2.145569144465488479e-02 1.574420353430886974e-02
5.699999999999993960e+00 5.000000000000000000e-01 9.630416746665360073e-01 2.128832361957177718e-02 1.567000171389214616e-02
5.799999999999993605e+00 5.000000000000000000e-01 9.632657016511239068e-01 2.113230205934638756e-02 1.560199628952984967e-02
5.899999999999993250e+00 5.000000000000000000e-01 9.634736076534470284e-01 2.098674104535987878e-02 1.553965130119299223e-02
5.999999999999992895e+00 5.000000000000000000e-01 9.636666860155699288e-01 2.085083411671292963e-02 1.548247986771728903e-02
6.099999999999992539e+00 5.000000000000000000e-01 9.638461146618164666e-01 2.072384603089728883e-02 1.543003930728611452e-02
6.199999999999992184e+00 5.000000000000000000e-01 9.640129675670732201e-01 2.060510563702965328e-02 1.538192679589715436e-02
6.299999999999991829e+00 5.000000000000000000e-01 9.641682249551550843e-01 2.049399954726658854e-02 1.533777549757834278e-02
6.399999999999991473e+00 5.000000000000000000e-01 9.643127823832460255e-01 2.038996650762745985e-02 1.529725110912644008e-02
6.499999999999991118e+00 5.000000000000000000e-01 9.644474588474010179e-01 2.029249238277392939e-02 1.526004876982515850e-02
6.599999999999990763e+00 5.000000000000000000e-01 9.645730040261497606e-01 2.020110568068605658e-02 1.522589029316419491e-02
6.699999999999990408e+00 5.000000000000000000e-01 9.646901047638672955e-01 2.011537355293294832e-02 1.519452168319975621e-02
6.799999999999990052e+00 5.000000000000000000e-01 9.647993908823775389e-01 2.003489821460720244e-02 1.516571090301541309e-02
6.899999999999989697e+00 5.000000000000000000e-01 9.649014403979317978e-01 1.995931373518813196e-02 1.513924586688020733e-02
6.999999999999989342e+00 5.000000000000000000e-01 9.649967842109424820e-01 1.988828315779377423e-02 1.511493263126369516e-02
7.099999999999988987e+00 5.000000000000000000e-01 9.650859103274364026e-01 1.982149590962557426e-02 1.509259376293811163e-02
7.199999999999988631e+00 5.000000000000000000e-01 9.651692676639228585e-01 1.975866547102539394e-02 1.507206686505165212e-02
7.299999999999988276e+00 5.000000000000000000e-01 9.652472694810855236e-01 1.969952727456112870e-02 1.505320324435319504e-02
7.399999999999987921e+00 5.000000000000000000e-01 9.653202964862388491e-01 1.964383680902037979e-02 1.503586670474073815e-02
7.499999999999987566e+00 5.000000000000000000e-01 9.653886996397624820e-01 1.959136790620076563e-02 1.501993245403663441e-02
7.599999999999987210e+00 5.000000000000000000e-01 9.654528026965978338e-01 1.954191119100219878e-02 1.500528611239987375e-02
7.699999999999986855e+00 5.000000000000000000e-01 9.655129045102928131e-01 1.949527267760705479e-02 1.499182281210022401e-02
7.799999999999986500e+00 5.000000000000000000e-01 9.655692811239465767e-01 1.945127249652466028e-02 1.497944637952864678e-02
7.899999999999986144e+00 5.000000000000000000e-01 9.656221876696590156e-01 1.940974373901657724e-02 1.496806859132435857e-02
7.999999999999985789e+00 5.000000000000000000e-01 9.656718600956736287e-01 1.937053140694298264e-02 1.495760849738339039e-02
4.000000000000000000e+00 5.999999999999999778e-01 9.533965279577001350e-01 2.757666562187529105e-02 1.902680642042448717e-02
4.099999999999999645e+00 5.999999999999999778e-01 9.544168179498595528e-01 2.692204648452181659e-02 1.866113556561873124e-02
4.199999999999999289e+00 5.999999999999999778e-01 9.553465506478027169e-01 2.632394194000800894e-02 1.832950741218942331e-02
4.299999999999998934e+00 5.999999999999999778e-01 9.561949073527452603e-01 2.577664626611467572e-02 1.802844638114012299e-02
4.399999999999998579e+00 5.999999999999999778e-01 9.569700113240157124e-01 2.527511469131847599e-02 1.775487398466592953e-02
4.499999999999998224e+00 5.999999999999999778e-01 9.576790642750440119e-01 2.481487769568802709e-02 1.750605802926782570e-02
4.599999999999997868e+00 5.999999999999999778e-01 9.583284636436754100e-01 2.439196741028287763e-02 1.727956894604183377e-02
4.699999999999997513e+00 5.999999999999999778e-01 9.589239035039370807e-01 2.400285430946910714e-02 1.707324218659399609e-02
4.799999999999997158e+00 5.999999999999999778e-01 9.594704615494407118e-01 2.364439266597967090e-02 1.688514578457942297e-02
4.899999999999996803e+00 5.999999999999999778e-01 9.599726742064076390e-01 2.331377347304886688e-02 1.671355232054349063e-02
4.999999999999996447e+00 5.999999999999999778e-01 9.604346016184844848e-01 2.300848373688003934e-02 1.655691464463540305e-02
5.099999999999996092e+00 5.999999999999999778e-01 9.608598839782513945e-01 2.272627121101660277e-02 1.641384481073203394e-02
5.199999999999995737e+00 5.999999999999999778e-01 9.612517904545262448e-01 2.246511378633231359e-02 1.628309575914159771e-02
5.299999999999995381e+00 5.999999999999999778e-01 9.616132617740861255e-01 2.222319287027358856e-02 1.616354535564026515e-02
5.399999999999995026e+00 5.999999999999999778e-01 9.619469473557900052e-01 2.199887019008588476e-02 1.605418245412413777e-02
5.499999999999994671e+00 5.999999999999999778e-01 9.622552377596682582e-01 2.179066753998157996e-02 1.595409470035019303e-02
5.599999999999994316e+00 5.999999999999999778e-01 9.625402930993766093e-01 2.159724906406128297e-02 1.586245783656214936e-02
5.699999999999993960e+00 5.999999999999999778e-01 9.628040679700904381e-01 2.141740572741288734e-02 1.577852630249670929e-02
5.799999999999993605e+00 5.999999999999999778e-01 9.630483333626229658e-01 2.125004167897945329e-02 1.570162495839751149e-02
5.899999999999993250e+00 5.999999999999999778e-01 9.632746959658640140e-01 2.109416225301876183e-02 1.563114178111741151e-02
5.999999999999992895e+00 5.999999999999999778e-01 9.634846152015424936e-01 2.094886339254614996e-02 1.556652140591155420e-02
6.099999999999992539e+00 5.999999999999999778e-01 9.636794182861356806e-01 2.081332230912115444e-02 1.550725940474313724e-02
6.199999999999992184e+00 5.999999999999999778e-01 9.638603135730321458e-01 2.068678921960253117e-02 1.545289720736520850e-02
6.299999999999991829e+00 5.999999999999999778e-01 9.640284023926526391e-01 2.056858002279939729e-02 1.540301758454787687e-02
6.399999999999991473e+00 5.999999999999999778e-01 9.641846895781218674e-01 2.045806979791749483e-02 1.535724062396070025e-02
6.499999999999991118e+00 5.999999999999999778e-01 9.643300928384395121e-01 2.035468702285858633e-02 1.531522013870189984e-02
6.599999999999990763e+00 5.999999999999999778e-01 9.644654511192264357e-01 2.025790842422129159e-02 1.527664045655221896e-02
6.699999999999990408e+00 5.999999999999999778e-01 9.645915320724279818e-01 2.016725438263548831e-02 1.524121354493659063e-02
6.799999999999990052e+00 5.999999999999999778e-01 9.647090387403638445e-01 2.008228482715210608e-02 1.520867643248412920e-02
6.899999999999989697e+00 5.999999999999999778e-01 9.648186155457962876e-01 2.000259556106312800e-02 1.517878889314051502e-02
6.999999999999989342e+00 5.999999999999999778e-01 9.649208536679066972e-01 1.992781496895917187e-02 1.515133136313419164e-02
7.099999999999988987e+00 5.999999999999999778e-01 9.650162958739337826e-01 1.985760106122956559e-02 1.512610306483677322e-02
7.199999999999988631e+00 5.999999999999999778e-01 9.651054408674956120e-01 1.979163881772359398e-02 1.510292031478070729e-02
7.299999999999988276e+00 5.999999999999999778e-01 9.651887472070642682e-01 1.972963779705534312e-02 1.508161499588050840e-02
7.399999999999987921e+00 5.999999999999999778e-01 9.652666368415379061e-01 1.967132998215234338e-02 1.506203317630977999e-02
7.499999999999987566e+00 5.999999999999999778e-01 9.653394983042051791e-01 1.961646783622069540e-02 1.504403385957413589e-02
7.599999999999987210e+00 5.999999999999999778e-01 9.654076896014720521e-01 1.956482254639685739e-02 1.502748785213111997e-02
7.699999999999986855e+00 5.999999999999999778e-01 9.654715408284618716e-01 1.951618243505209849e-02 1.501227673648618255e-02
7.799999999999986500e+00 5.999999999999999778e-01 9.655313565398695452e-01 1.947035152106286679e-02 1.499829193906765043e-02
7.899999999999986144e+00 5.999999999999999778e-01 9.655874179012058356e-01 1.942714821540828321e-02 1.498543388338590028e-02
7.999999999999985789e+00 5.999999999999999778e-01 9.656399846427213829e-01 1.938640413724626588e-02 1.497361122003237205e-02
4.000000000000000000e+00 7.000000000000000666e-01 9.520590077230172144e-01 2.833943384390181716e-02 1.960155843308098236e-02
4.099999999999999645e+00 7.000000000000000666e-01 9.532072918661006478e-01 2.761007954686975352e-02 1.918262858702952933e-02
4.199999999999999289e+00 7.000000000000000666e-01 9.542515741707531252e-01 2.694523697688349512e-02 1.880318885236336932e-02
4.299999999999998934e+00 7.000000000000000666e-01 9.552026116741167971e-01 2.633825117927089329e-02 1.845913714661244487e-02
4.399999999999998579e+00 7.000000000000000666e-01 9.560698980402356773e-01 2.578325271657955914e-02 1.814684924318485035e-02
4.499999999999998224e+00 7.000000000000000666e-01 9.568618291493842243e-01 2.527505426146615594e-02 1.786311658914958508e-02
4.599999999999997868e+00 7.000000000000000666e-01 9.575858451253047576e-01 2.480906193178898309e-02 1.760509294290632173e-02
4.699999999999997513e+00 7.000000000000000666e-01 9.582485523199846256e-01 2.438119916410770235e-02 1.737024851590768595e-02
4.799999999999997158e+00 7.000000000000000666e-01 9.588558282456471904e-01 2.398784125398008629e-02 1.715633050037276147e-02
4.899999999999996803e+00 7.000000000000000666e-01 9.594129119890995039e-01 2.362575897623434007e-02 1.696132903466607625e-02
4.999999999999996447e+00 7.000000000000000666e-01 9.599244822559274137e-01 2.329206994120403343e-02 1.678344780286853549e-02
5.099999999999996092e+00 7.000000000000000666e-01 9.603947248627351385e-01 2.298419654909853241e-02 1.662107858816630826e-02
5.199999999999995737e+00 7.000000000000000666e-01 9.608273912167567543e-01 2.269982957925857289e-02 1.647277920398464157e-02
5.299999999999995381e+00 7.000000000000000666e-01 9.612258490864504790e-01 2.243689659856964655e-02 1.633725431497991959e-02
5.399999999999995026e+00 7.000000000000000666e-01 9.615931267677464422e-01 2.219353449779768242e-02 1.621333873445588228e-02
5.499999999999994671e+00 7.000000000000000666e-01 9.619319515828196332e-01 2.196806556960008427e-02 1.609998284758014028e-02
5.599999999999994316e+00 7.000000000000000666e-01 9.622447835067875488e-01 2.175897663047298564e-02 1.599623986273950374e-02
5.699999999999993960e+00 7.000000000000000666e-01 9.625338445984416014e-01 2.156490076352303442e-02 1.590125463803541972e-02
5.799999999999993605e+00 7.000000000000000666e-01 9.628011448105092684e-01 2.138460132189898624e-02 1.581425386759155796e-02
5.899999999999993250e+00 7.000000000000000666e-01 9.630485046700130169e-01 2.121695788584736231e-02 1.573453744413959299e-02
5.999999999999992895e+00 7.000000000000000666e-01 9.632775752475581932e-01 2.106095391124017391e-02 1.566147084120185495e-02
6.099999999999992539e+00 7.000000000000000666e-01 9.634898557737324731e-01 2.091566584537726814e-02 1.559447838089028822e-02
6.199999999999992184e+00 7.000000000000000666e-01 9.636867092094448806e-01 2.078025351800120296e-02 1.553303727255378117e-02
6.299999999999991829e+00 7.000000000000000666e-01 9.638693760335095284e-01 2.065395164270562509e-02 1.547667232378481875e-02
6.399999999999991473e+00 7.000000000000000666e-01 9.640389864738461156e-01 2.053606228704498923e-02 1.542495123910907727e-02
6.499999999999991118e+00 7.000000000000000666e-01 9.641965713772642221e-01 2.042594818931797382e-02 1.537748043341769129e-02
6.599999999999990763e+00 7.000000000000000666e-01 9.643430718860710460e-01 2.032302681674005504e-02 1.533390129718895101e-02
6.699999999999990408e+00 7.000000000000000666e-01 9.644793480669414665e-01 2.022676507400115661e-02 1.529388685905740120e-02
6.799999999999990052e+00 7.000000000000000666e-01 9.646061866180387634e-01 2.013667458340536592e-02 1.525713879855591058e-02
6.899999999999989697e+00 7.000000000000000666e-01 9.647243077637027708e-01 2.005230746822840929e-02 1.522338476806884243e-02
6.999999999999989342e+00 7.000000000000000666e-01 9.648343714317624276e-01 1.997325257987850322e-02 1.519237598835898422e-02
7.099999999999988987e+00 7.000000000000000666e-01 9.649369827962714918e-01 1.989913211713046498e-02 1.516388508659809869e-02
7.199999999999988631e+00 7.000000000000000666e-01 9.650326972579283957e-01 1.982959859231256047e-02 1.513770414975899523e-02
7.299999999999988276e+00 7.000000000000000666e-01 9.651220249253684713e-01 1.976433210502175075e-02 1.511364296960978140e-02
7.399999999999987921e+00 7.000000000000000666e-01 9.652054346526703910e-01 1.970303788885895482e-02 1.509152745847069932e-02
7.499999999999987566e+00 7.000000000000000666e-01 9.652833576816547412e-01 1.964544410092727844e-02 1.507119821741799946e-02
7.599999999999987210e+00 7.000000000000000666e-01 9.653561909316747958e-01 1.959129982751884463e-02 1.505250924080641858e-02
7.699999999999986855e+00 7.000000000000000666e-01 9.654242999745098475e-01 1.954037328261045217e-02 1.503532674287973159e-02
7.799999999999986500e+00 7.000000000000000666e-01 9.654880217275435550e-01 1.949245017856646861e-02 1.501952809388999027e-02
7.899999999999986144e+00 7.000000000000000666e-01 9.655476668945506269e-01 1.944733225086466011e-02 1.500500085458478933e-02
7.999999999999985789e+00 7.000000000000000666e-01 9.656035221800525203e-01 1.940483592077021230e-02 1.499164189917739573e-02
4.000000000000000000e+00 8.000000000000000444e-01 9.505218447981028662e-01 2.921691035430546562e-02 2.026124484759174796e-02
4.099999999999999645e+00 8.000000000000000444e-01 9.518188519938782788e-01 2.840078879023874223e-02 1.978035921588297899e-02
4.199999999999999289e+00 8.000000000000000444e-01 9.529959923334214711e-01 2.765859263143342558e-02 1.934541503514504782e-02
4.299999999999998934e+00 8.000000000000000444e-01 9.540659140806544425e-01 2.698253207528659298e-02 1.895155384405896107e-02
4.399999999999998579e+00 8.000000000000000444e-01 9.550397521527140832e-01 2.636575374242957140e-02 1.859449410485622747e-02
4.499999999999998224e+00 8.000000000000000444e-01 9.559273293967918139e-01 2.580221566694075944e-02 1.827045493626734338e-02
4.599999999999997868e+00 8.000000000000000444e-01 9.567373290014965503e-01 2.528658024293647250e-02 1.797609075556721656e-02
4.699999999999997513e+00 8.000000000000000444e-01 9.574774423436890336e-01 2.481412245002671130e-02 1.770843520628410592e-02
4.799999999999997158e+00 8.000000000000000444e-01 9.581544959373252679e-01 2.438065107555868055e-02 1.746485298711613135e-02
4.899999999999996803e+00 8.000000000000000444e-01 9.587745606011361943e-01 2.398244099404838597e-02 1.724299840481548565e-02
4.999999999999996447e+00 8.000000000000000444e-01 9.593430454895968129e-01 2.361617485841128322e-02 1.704077965199200448e-02
5.099999999999996092e+00 8.000000000000000444e-01 9.598647792280811109e-01 2.327889280883777348e-02 1.685632796308117812e-02
5.199999999999995737e+00 8.000000000000000444e-01 9.603440800499524199e-01 2.296794901875234482e-02 1.668797093129524914e-02
5.299999999999995381e+00 8.000000000000000444e-01 9.607848165424366371e-01 2.268097407830957715e-02 1.653420937925379267e-02
5.399999999999995026e+00 8.000000000000000444e-01 9.611904603621073129e-01 2.241584236894145557e-02 1.639369726895118992e-02
5.499999999999994671e+00 8.000000000000000444e-01 9.615641320730549113e-01 2.217064371170448037e-02 1.626522421524051812e-02
5.599999999999994316e+00 8.000000000000000444e-01 9.619086410855332003e-01 2.194365868119282914e-02 1.614770023327394624e-02
5.699999999999993960e+00 8.000000000000000444e-01 9.622265205250607467e-01 2.173333706871277693e-02 1.604014240622647636e-02
5.799999999999993605e+00 8.000000000000000444e-01 9.625200577373104194e-01 2.153827905592969189e-02 1.594166320676004833e-02
5.899999999999993250e+00 8.000000000000000444e-01 9.627913210289732460e-01 2.135721872558552642e-02 1.585146024544120680e-02
5.999999999999992895e+00 8.000000000000000444e-01 9.630421831560570523e-01 2.118900959106798793e-02 1.576880725287477594e-02
6.099999999999992539e+00 8.000000000000000444e-01 9.632743419961236064e-01 2.103261187322614731e-02 1.569304613065026360e-02
6.199999999999992184e+00 8.000000000000000444e-01 9.634893387776167772e-01 2.088708129223737844e-02 1.562357993014597268e-02
6.299999999999991829e+00 8.000000000000000444e-01 9.636885741858087773e-01 2.075155917569030881e-02 1.555986663850081331e-02
6.399999999999991473e+00 8.000000000000000444e-01 9.638733226194494685e-01 2.062526371232108885e-02 1.550141366822933853e-02
6.499999999999991118e+00 8.000000000000000444e-01 9.640447448336472158e-01 2.050748220483555179e-02 1.544777296151724280e-02
6.599999999999990763e+00 8.000000000000000444e-01 9.642038991717545304e-01 2.039756419564269993e-02 1.539853663260278005e-02
6.699999999999990408e+00 8.000000000000000444e-01 9.643517515611448321e-01 2.029491535668470972e-02 1.535333308217040962e-02
6.799999999999990052e+00 8.000000000000000444e-01 9.644891844240046641e-01 2.019899204934777134e-02 1.531182352664740322e-02
6.899999999999989697e+00 8.000000000000000444e-01 9.646170046339805904e-01 2.010929647307637541e-02 1.527369889294286423e-02
6.999999999999989342e+00 8.000000000000000444e-01 9.647359506321678824e-01 2.002537233212411602e-02 1.523867703570798600e-02
7.099999999999988987e+00 8.000000000000000444e-01 9.648466988010697687e-01 1.994680095913594492e-02 1.520650023979421527e-02
7.199999999999988631e+00 8.000000000000000444e-01 9.649498691824027752e-01 1.987319784220757321e-02 1.517693297538964814e-02
