bill_depth_mm,body_mass_g,Torgersen,Biscoe,Dream
1.309999999999999964e+01,2.700000000000000000e+03,2.266094971460129726e-01,4.067697959464037227e-01,3.666207069075834157e-01
1.351999999999999957e+01,2.700000000000000000e+03,2.266095070242351850e-01,4.067697788492072308e-01,3.666207141265575564e-01
1.393999999999999950e+01,2.700000000000000000e+03,2.266095168293802697e-01,4.067697618784928415e-01,3.666207212921267500e-01
1.435999999999999943e+01,2.700000000000000000e+03,2.266095265619888499e-01,4.067697450333249698e-01,3.666207284046860693e-01
1.477999999999999936e+01,2.700000000000000000e+03,2.266095362225974685e-01,4.067697283127748586e-01,3.666207354646277006e-01
1.519999999999999929e+01,2.700000000000000000e+03,2.266095458117386996e-01,4.067697117159204678e-01,3.666207424723406660e-01
1.561999999999999922e+01,2.700000000000000000e+03,2.266095553299413423e-01,4.067696952418469736e-01,3.666207494282116564e-01
1.603999999999999915e+01,2.700000000000000000e+03,2.266095647777300603e-01,4.067696788896459914e-01,3.666207563326239205e-01
1.646000000000000085e+01,2.700000000000000000e+03,2.266095741556257703e-01,4.067696626584159647e-01,3.666207631859582650e-01
1.687999999999999901e+01,2.700000000000000000e+03,2.266095834641455031e-01,4.067696465472619982e-01,3.666207699885924431e-01
1.729999999999999716e+01,2.700000000000000000e+03,2.266095927038024593e-01,4.067696305552958025e-01,3.666207767409015994e-01
1.771999999999999886e+01,2.700000000000000000e+03,2.266096018751061481e-01,4.067696146816358604e-01,3.666207834432581025e-01
1.814000000000000057e+01,2.700000000000000000e+03,2.266096109785620261e-01,4.067695989254067057e-01,3.666207900960312127e-01
1.855999999999999872e+01,2.700000000000000000e+03,2.266096200146721917e-01,4.067695832857398108e-01,3.666207966995879697e-01
1.897999999999999687e+01,2.700000000000000000e+03,2.266096289839347744e-01,4.067695677617729211e-01,3.666208032542923601e-01
1.939999999999999858e+01,2.700000000000000000e+03,2.266096378868441841e-01,4.067695523526499990e-01,3.666208097605058169e-01
1.982000000000000028e+01,2.700000000000000000e+03,2.266096467238914169e-01,4.067695370575215574e-01,3.666208162185870534e-01
2.023999999999999844e+01,2.700000000000000000e+03,2.266096554955636388e-01,4.067695218755443265e-01,3.666208226288921179e-01
2.065999999999999659e+01,2.700000000000000000e+03,2.266096642023443519e-01,4.067695068058811980e-01,3.666208289917743390e-01
2.107999999999999829e+01,2.700000000000000000e+03,2.266096728447138109e-01,4.067694918477014476e-01,3.666208353075847692e-01
1.309999999999999964e+01,2.880000000000000000e+03,2.266101567574500542e-01,4.067686542939219496e-01,3.666211889486279962e-01
1.351999999999999957e+01,2.880000000000000000e+03,2.266101617559458936e-01,4.067686456425554375e-01,3.666211926014986688e-01
1.393999999999999950e+01,2.880000000000000000e+03,2.266101667174630352e-01,4.067686370551915065e-01,3.666211962273455138e-01
1.435999999999999943e+01,2.880000000000000000e+03,2.266101716422750101e-01,4.067686285313566463e-01,3.666211998263683158e-01
1.477999999999999936e+01,2.880000000000000000e+03,2.266101765306534899e-01,4.067686200705809552e-01,3.666212033987655272e-01
1.519999999999999929e+01,2.880000000000000000e+03,2.266101813828679257e-01,4.067686116723978618e-01,3.666212069447342681e-01
1.561999999999999922e+01,2.880000000000000000e+03,2.266101861991857425e-01,4.067686033363442921e-01,3.666212104644698266e-01
1.603999999999999915e+01,2.880000000000000000e+03,2.266101909798726999e-01,4.067685950619607249e-01,3.666212139581665475e-01
1.646000000000000085e+01,2.880000000000000000e+03,2.266101957251922538e-01,4.067685868487909140e-01,3.666212174260168877e-01
1.687999999999999901e+01,2.880000000000000000e+03,2.266102004354061117e-01,4.067685786963819439e-01,3.666212208682120832e-01
1.729999999999999716e+01,2.880000000000000000e+03,2.266102051107739268e-01,4.067685706042842297e-01,3.666212242849418712e-01
1.771999999999999886e+01,2.880000000000000000e+03,2.266102097515534930e-01,4.067685625720517950e-01,3.666212276763947120e-01
1.814000000000000057e+01,2.880000000000000000e+03,2.266102143580007444e-01,4.067685545992416607e-01,3.666212310427575671e-01
1.855999999999999872e+01,2.880000000000000000e+03,2.266102189303696446e-01,4.067685466854142895e-01,3.666212343842160659e-01
1.897999999999999687e+01,2.880000000000000000e+03,2.266102234689122419e-01,4.067685388301333083e-01,3.666212377009545054e-01
1.939999999999999858e+01,2.880000000000000000e+03,2.266102279738787528e-01,4.067685310329655080e-01,3.666212409931556282e-01
1.982000000000000028e+01,2.880000000000000000e+03,2.266102324455177286e-01,4.067685232934811768e-01,3.666212442610011224e-01
2.023999999999999844e+01,2.880000000000000000e+03,2.266102368840755554e-01,4.067685156112533784e-01,3.666212475046710662e-01
2.065999999999999659e+01,2.880000000000000000e+03,2.266102412897970930e-01,4.067685079858586739e-01,3.666212507243442609e-01
2.107999999999999829e+01,2.880000000000000000e+03,2.266102456629251471e-01,4.067685004168765106e-01,3.666212539201982867e-01
1.309999999999999964e+01,3.060000000000000000e+03,2.266104905267852243e-01,4.067680766082055754e-01,3.666214328650092003e-01
1.351999999999999957e+01,3.060000000000000000e+03,2.266104930560555730e-01,4.067680722305633267e-01,3.666214347133809892e-01
1.393999999999999950e+01,3.060000000000000000e+03,2.266104955666143339e-01,4.067680678853071718e-01,3.666214365480785498e-01
1.435999999999999943e+01,3.060000000000000000e+03,2.266104980585997852e-01,4.067680635721974136e-01,3.666214383692028567e-01
1.477999999999999936e+01,3.060000000000000000e+03,2.266105005321494559e-01,4.067680592909961867e-01,3.666214401768543851e-01
1.519999999999999929e+01,3.060000000000000000e+03,2.266105029873997367e-01,4.067680550414674578e-01,3.666214419711327221e-01
1.561999999999999922e+01,3.060000000000000000e+03,2.266105054244859363e-01,4.067680508233770809e-01,3.666214437521369551e-01
1.603999999999999915e+01,3.060000000000000000e+03,2.266105078435424747e-01,4.067680466364922975e-01,3.666214455199652833e-01
1.646000000000000085e+01,3.060000000000000000e+03,2.266105102447027453e-01,4.067680424805822370e-01,3.666214472747150177e-01
1.687999999999999901e+01,3.060000000000000000e+03,2.266105126280991422e-01,4.067680383554178603e-01,3.666214490164830253e-01
1.729999999999999716e+01,3.060000000000000000e+03,2.266105149938629770e-01,4.067680342607716826e-01,3.666214507453653959e-01
1.771999999999999886e+01,3.060000000000000000e+03,2.266105173421248675e-01,4.067680301964178291e-01,3.666214524614572756e-01
1.814000000000000057e+01,3.060000000000000000e+03,2.266105196730141824e-01,4.067680261621323679e-01,3.666214541648534775e-01
1.855999999999999872e+01,3.060000000000000000e+03,2.266105219866594023e-01,4.067680221576926436e-01,3.666214558556478154e-01
1.897999999999999687e+01,3.060000000000000000e+03,2.266105242831882582e-01,4.067680181828781105e-01,3.666214575339336035e-01
1.939999999999999858e+01,3.060000000000000000e+03,2.266105265627272602e-01,4.067680142374693886e-01,3.666214591998032679e-01
1.982000000000000028e+01,3.060000000000000000e+03,2.266105288254021133e-01,4.067680103212490406e-01,3.666214608533487906e-01
2.023999999999999844e+01,3.060000000000000000e+03,2.266105310713376342e-01,4.067680064340011281e-01,3.666214624946613210e-01
2.065999999999999659e+01,3.060000000000000000e+03,2.266105333006575573e-01,4.067680025755112116e-01,3.666214641238311756e-01
2.107999999999999829e+01,3.060000000000000000e+03,2.266105355134848121e-01,4.067679987455666835e-01,3.666214657409483935e-01
1.309999999999999964e+01,3.240000000000000000e+03,2.266106594157211163e-01,4.067677842965613522e-01,3.666215562877175316e-01
1.351999999999999957e+01,3.240000000000000000e+03,2.266106606955409219e-01,4.067677820814596945e-01,3.666215572229993835e-01
1.393999999999999950e+01,3.240000000000000000e+03,2.266106619658925792e-01,4.067677798827455393e-01,3.666215581513619370e-01
1.435999999999999943e+01,3.240000000000000000e+03,2.266106632268460042e-01,4.067677777002976502e-01,3.666215590728562623e-01
1.477999999999999936e+01,3.240000000000000000e+03,2.266106644784708357e-01,4.067677755339957901e-01,3.666215599875334297e-01
1.519999999999999929e+01,3.240000000000000000e+03,2.266106657208360464e-01,4.067677733837203324e-01,3.666215608954436211e-01
1.561999999999999922e+01,3.240000000000000000e+03,2.266106669540101370e-01,4.067677712493528164e-01,3.666215617966370188e-01
1.603999999999999915e+01,3.240000000000000000e+03,2.266106681780610810e-01,4.067677691307754473e-01,3.666215626911633607e-01
1.646000000000000085e+01,3.240000000000000000e+03,2.266106693930564076e-01,4.067677670278716517e-01,3.666215635790719407e-01
1.687999999999999901e+01,3.240000000000000000e+03,2.266106705990631187e-01,4.067677649405252449e-01,3.666215644604117196e-01
1.729999999999999716e+01,3.240000000000000000e+03,2.266106717961476891e-01,4.067677628686212632e-01,3.666215653352312143e-01
1.771999999999999886e+01,3.240000000000000000e+03,2.266106729843761214e-01,4.067677608120452981e-01,3.666215662035786638e-01
1.814000000000000057e+01,3.240000000000000000e+03,2.266106741638138911e-01,4.067677587706841069e-01,3.666215670655020298e-01
1.855999999999999872e+01,3.240000000000000000e+03,2.266106753345261404e-01,4.067677567444251130e-01,3.666215679210488299e-01
1.897999999999999687e+01,3.240000000000000000e+03,2.266106764965773457e-01,4.067677547331564614e-01,3.666215687702661929e-01
1.939999999999999858e+01,3.240000000000000000e+03,2.266106776500315945e-01,4.067677527367674628e-01,3.666215696132009705e-01
1.982000000000000028e+01,3.240000000000000000e+03,2.266106787949525025e-01,4.067677507551478722e-01,3.666215704498996808e-01
2.023999999999999844e+01,3.240000000000000000e+03,2.266106799314031583e-01,4.067677487881884990e-01,3.666215712804083426e-01
2.065999999999999659e+01,3.240000000000000000e+03,2.266106810594463172e-01,4.067677468357808745e-01,3.666215721047729192e-01
2.107999999999999829e+01,3.240000000000000000e+03,2.266106821791439851e-01,4.067677448978171961e-01,3.666215729230386522e-01
1.309999999999999964e+01,3.420000000000000000e+03,2.266107448740111163e-01,4.067676363860719957e-01,3.666216187399168325e-01
1.351999999999999957e+01,3.420000000000000000e+03,2.266107455216027355e-01,4.067676352652259686e-01,3.666216192131712681e-01
1.393999999999999950e+01,3.420000000000000000e+03,2.266107461644034649e-01,4.067676341526720862e-01,3.666216196829245044e-01
1.435999999999999943e+01,3.420000000000000000e+03,2.266107468024486371e-01,4.067676330483489533e-01,3.666216201492024096e-01
1.477999999999999936e+01,3.420000000000000000e+03,2.266107474357735574e-01,4.067676319521957295e-01,3.666216206120307408e-01
1.519999999999999929e+01,3.420000000000000000e+03,2.266107480644129757e-01,4.067676308641519078e-01,3.666216210714350887e-01
1.561999999999999922e+01,3.420000000000000000e+03,2.266107486884017530e-01,4.067676297841576472e-01,3.666216215274407109e-01
1.603999999999999915e+01,3.420000000000000000e+03,2.266107493077741397e-01,4.067676287121532175e-01,3.666216219800726983e-01
1.646000000000000085e+01,3.420000000000000000e+03,2.266107499225643307e-01,4.067676276480796105e-01,3.666216224293560866e-01
1.687999999999999901e+01,3.420000000000000000e+03,2.266107505328062433e-01,4.067676265918780953e-01,3.666216228753155781e-01
1.729999999999999716e+01,3.420000000000000000e+03,2.266107511385335727e-01,4.067676255434905519e-01,3.666216233179758754e-01
1.771999999999999886e+01,3.420000000000000000e+03,2.266107517397796256e-01,4.067676245028589710e-01,3.666216237573613479e-01
1.814000000000000057e+01,3.420000000000000000e+03,2.266107523365776533e-01,4.067676234699262316e-01,3.666216241934961428e-01
1.855999999999999872e+01,3.420000000000000000e+03,2.266107529289604350e-01,4.067676224446351019e-01,3.666216246264044076e-01
1.897999999999999687e+01,3.420000000000000000e+03,2.266107535169608056e-01,4.067676214269292934e-01,3.666216250561099566e-01
1.939999999999999858e+01,3.420000000000000000e+03,2.266107541006109616e-01,4.067676204167525178e-01,3.666216254826364929e-01
1.982000000000000028e+01,3.420000000000000000e+03,2.266107546799433214e-01,4.067676194140491530e-01,3.666216259060074978e-01
2.023999999999999844e+01,3.420000000000000000e+03,2.266107552549896931e-01,4.067676184187639654e-01,3.666216263262464525e-01
2.065999999999999659e+01,3.420000000000000000e+03,2.266107558257817456e-01,4.067676174308418324e-01,3.666216267433763387e-01
2.107999999999999829e+01,3.420000000000000000e+03,2.266107563923510926e-01,4.067676164502285197e-01,3.666216271574202490e-01
1.309999999999999964e+01,3.600000000000000000e+03,2.266107881160639992e-01,4.067675615431029512e-01,3.666216503408329386e-01
1.351999999999999957e+01,3.600000000000000000e+03,2.266107884437464082e-01,4.067675609759532906e-01,3.666216505803003289e-01
1.393999999999999950e+01,3.600000000000000000e+03,2.266107887690044786e-01,4.067675604129993849e-01,3.666216508179960809e-01
1.435999999999999943e+01,3.600000000000000000e+03,2.266107890918563350e-01,4.067675598542103699e-01,3.666216510539334617e-01
1.477999999999999936e+01,3.600000000000000000e+03,2.266107894123196576e-01,4.067675592995552147e-01,3.666216512881251832e-01
1.519999999999999929e+01,3.600000000000000000e+03,2.266107897304121543e-01,4.067675587490035549e-01,3.666216515205843463e-01
1.561999999999999922e+01,3.600000000000000000e+03,2.266107900461513391e-01,4.067675582025248593e-01,3.666216517513237738e-01
1.603999999999999915e+01,3.600000000000000000e+03,2.266107903595546980e-01,4.067675576600890963e-01,3.666216519803561780e-01
1.646000000000000085e+01,3.600000000000000000e+03,2.266107906706394393e-01,4.067675571216663455e-01,3.666216522076941597e-01
1.687999999999999901e+01,3.600000000000000000e+03,2.266107909794227993e-01,4.067675565872269638e-01,3.666216524333503202e-01
1.729999999999999716e+01,3.600000000000000000e+03,2.266107912859216533e-01,4.067675560567413084e-01,3.666216526573369827e-01
1.771999999999999886e+01,3.600000000000000000e+03,2.266107915901530157e-01,4.067675555301802914e-01,3.666216528796665819e-01
1.814000000000000057e+01,3.600000000000000000e+03,2.266107918921336783e-01,4.067675550075148805e-01,3.666216531003513857e-01
1.855999999999999872e+01,3.600000000000000000e+03,2.266107921918802670e-01,4.067675544887162098e-01,3.666216533194035510e-01
1.897999999999999687e+01,3.600000000000000000e+03,2.266107924894092129e-01,4.067675539737556911e-01,3.666216535368351792e-01
1.939999999999999858e+01,3.600000000000000000e+03,2.266107927847370862e-01,4.067675534626047917e-01,3.666216537526580943e-01
1.982000000000000028e+01,3.600000000000000000e+03,2.266107930778800961e-01,4.067675529552355340e-01,3.666216539668844532e-01
2.023999999999999844e+01,3.600000000000000000e+03,2.266107933688543130e-01,4.067675524516197738e-01,3.666216541795258022e-01
2.065999999999999659e+01,3.600000000000000000e+03,2.266107936576759463e-01,4.067675519517299221e-01,3.666216543905941316e-01
2.107999999999999829e+01,3.600000000000000000e+03,2.266107939443608166e-01,4.067675514555382232e-01,3.666216546001008769e-01
1.309999999999999964e+01,3.780000000000000000e+03,2.266108099966001044e-01,4.067675236724647148e-01,3.666216663309352364e-01
1.351999999999999957e+01,3.780000000000000000e+03,2.266108101624077498e-01,4.067675233854863293e-01,3.666216664521059765e-01
1.393999999999999950e+01,3.780000000000000000e+03,2.266108103269886820e-01,4.067675231006310788e-01,3.666216665723803225e-01
1.435999999999999943e+01,3.780000000000000000e+03,2.266108104903520604e-01,4.067675228178830871e-01,3.666216666917647138e-01
1.477999999999999936e+01,3.780000000000000000e+03,2.266108106525069055e-01,4.067675225372270331e-01,3.666216668102660337e-01
1.519999999999999929e+01,3.780000000000000000e+03,2.266108108134620713e-01,4.067675222586472628e-01,3.666216669278906659e-01
1.561999999999999922e+01,3.780000000000000000e+03,2.266108109732264675e-01,4.067675219821284549e-01,3.666216670446450498e-01
1.603999999999999915e+01,3.780000000000000000e+03,2.266108111318088925e-01,4.067675217076553995e-01,3.666216671605356803e-01
1.646000000000000085e+01,3.780000000000000000e+03,2.266108112892181448e-01,4.067675214352128865e-01,3.666216672755689965e-01
1.687999999999999901e+01,3.780000000000000000e+03,2.266108114454628286e-01,4.067675211647859279e-01,3.666216673897511602e-01
1.729999999999999716e+01,3.780000000000000000e+03,2.266108116005516038e-01,4.067675208963596467e-01,3.666216675030887218e-01
1.771999999999999886e+01,3.780000000000000000e+03,2.266108117544930467e-01,4.067675206299192214e-01,3.666216676155877319e-01
1.814000000000000057e+01,3.780000000000000000e+03,2.266108119072955951e-01,4.067675203654499416e-01,3.666216677272544633e-01
1.855999999999999872e+01,3.780000000000000000e+03,2.266108120589677144e-01,4.067675201029372078e-01,3.666216678380950778e-01
1.897999999999999687e+01,3.780000000000000000e+03,2.266108122095176480e-01,4.067675198423665872e-01,3.666216679481156815e-01
1.939999999999999858e+01,3.780000000000000000e+03,2.266108123589538892e-01,4.067675195837237578e-01,3.666216680573223252e-01
1.982000000000000028e+01,3.780000000000000000e+03,2.266108125072845703e-01,4.067675193269943423e-01,3.666216681657210597e-01
2.023999999999999844e+01,3.780000000000000000e+03,2.266108126545178514e-01,4.067675190721642409e-01,3.666216682733178800e-01
2.065999999999999659e+01,3.780000000000000000e+03,2.266108128006618927e-01,4.067675188192193536e-01,3.666216683801186149e-01
2.107999999999999829e+01,3.780000000000000000e+03,2.266108129457247711e-01,4.067675185681458583e-01,3.666216684861292596e-01
1.309999999999999964e+01,3.960000000000000000e+03,2.266108210681744839e-01,4.067675045098825271e-01,3.666216744219430446e-01
1.351999999999999957e+01,3.960000000000000000e+03,2.266108211520732885e-01,4.067675043646712396e-01,3.666216744832556107e-01
1.393999999999999950e+01,3.960000000000000000e+03,2.266108212353513951e-01,4.067675042205340930e-01,3.666216745441144287e-01
1.435999999999999943e+01,3.960000000000000000e+03,2.266108213180134667e-01,4.067675040774634265e-01,3.666216746045231623e-01
1.477999999999999936e+01,3.960000000000000000e+03,2.266108214000639443e-01,4.067675039354511912e-01,3.666216746644849200e-01
1.519999999999999929e+01,3.960000000000000000e+03,2.266108214815074073e-01,4.067675037944895600e-01,3.666216747240030327e-01
1.561999999999999922e+01,3.960000000000000000e+03,2.266108215623482969e-01,4.067675036545707057e-01,3.666216747830808309e-01
1.603999999999999915e+01,3.960000000000000000e+03,2.266108216425911925e-01,4.067675035156871344e-01,3.666216748417216453e-01
1.646000000000000085e+01,3.960000000000000000e+03,2.266108217222404242e-01,4.067675033778309635e-01,3.666216748999285846e-01
1.687999999999999901e+01,3.960000000000000000e+03,2.266108218013003772e-01,4.067675032409946434e-01,3.666216749577049239e-01
1.729999999999999716e+01,3.960000000000000000e+03,2.266108218797754925e-01,4.067675031051707357e-01,3.666216750150538273e-01
1.771999999999999886e+01,3.960000000000000000e+03,2.266108219576699889e-01,4.067675029703515799e-01,3.666216750719784034e-01
1.814000000000000057e+01,3.960000000000000000e+03,2.266108220349882241e-01,4.067675028365299039e-01,3.666216751284818720e-01
1.855999999999999872e+01,3.960000000000000000e+03,2.266108221117344446e-01,4.067675027036982693e-01,3.666216751845673416e-01
1.897999999999999687e+01,3.960000000000000000e+03,2.266108221879128692e-01,4.067675025718492376e-01,3.666216752402378654e-01
1.939999999999999858e+01,3.960000000000000000e+03,2.266108222635277447e-01,4.067675024409757034e-01,3.666216752954965519e-01
1.982000000000000028e+01,3.960000000000000000e+03,2.266108223385831788e-01,4.067675023110703392e-01,3.666216753503463432e-01
2.023999999999999844e+01,3.960000000000000000e+03,2.266108224130834181e-01,4.067675021821262060e-01,3.666216754047905146e-01
2.065999999999999659e+01,3.960000000000000000e+03,2.266108224870324039e-01,4.067675020541357545e-01,3.666216754588317306e-01
2.107999999999999829e+01,3.960000000000000000e+03,2.266108225604343829e-01,4.067675019270924341e-01,3.666216755124732662e-01
1.309999999999999964e+01,4.140000000000000000e+03,2.266108266704013052e-01,4.067674948135984736e-01,3.666216785160002489e-01
1.351999999999999957e+01,4.140000000000000000e+03,2.266108267128541798e-01,4.067674947401214158e-01,3.666216785470244877e-01
1.393999999999999950e+01,4.140000000000000000e+03,2.266108267549930000e-01,4.067674946671879233e-01,3.666216785778191323e-01
1.435999999999999943e+01,4.140000000000000000e+03,2.266108267968199863e-01,4.067674945947939991e-01,3.666216786083859591e-01
1.477999999999999936e+01,4.140000000000000000e+03,2.266108268383376367e-01,4.067674945229357020e-01,3.666216786387266890e-01
1.519999999999999929e+01,4.140000000000000000e+03,2.266108268795481162e-01,4.067674944516089797e-01,3.666216786688428764e-01
1.561999999999999922e+01,4.140000000000000000e+03,2.266108269204537284e-01,4.067674943808100019e-01,3.666216786987363530e-01
1.603999999999999915e+01,4.140000000000000000e+03,2.266108269610566661e-01,4.067674943105346608e-01,3.666216787284085621e-01
1.646000000000000085e+01,4.140000000000000000e+03,2.266108270013592607e-01,4.067674942407794036e-01,3.666216787578613356e-01
1.687999999999999901e+01,4.140000000000000000e+03,2.266108270413636772e-01,4.067674941715401227e-01,3.666216787870962834e-01
1.729999999999999716e+01,4.140000000000000000e+03,2.266108270810721359e-01,4.067674941028130431e-01,3.666216788161147933e-01
1.771999999999999886e+01,4.140000000000000000e+03,2.266108271204868019e-01,4.067674940345945012e-01,3.666216788449187525e-01
1.814000000000000057e+01,4.140000000000000000e+03,2.266108271596099233e-01,4.067674939668805556e-01,3.666216788735094934e-01
1.855999999999999872e+01,4.140000000000000000e+03,2.266108271984435818e-01,4.067674938996676537e-01,3.666216789018888478e-01
1.897999999999999687e+01,4.140000000000000000e+03,2.266108272369899146e-01,4.067674938329519652e-01,3.666216789300581480e-01
1.939999999999999858e+01,4.140000000000000000e+03,2.266108272752511421e-01,4.067674937667298263e-01,3.666216789580190594e-01
1.982000000000000028e+01,4.140000000000000000e+03,2.266108273132292628e-01,4.067674937009976843e-01,3.666216789857731917e-01
2.023999999999999844e+01,4.140000000000000000e+03,2.266108273509263860e-01,4.067674936357517090e-01,3.666216790133218772e-01
2.065999999999999659e+01,4.140000000000000000e+03,2.266108273883446489e-01,4.067674935709884587e-01,3.666216790406668369e-01
2.107999999999999829e+01,4.140000000000000000e+03,2.266108274254861055e-01,4.067674935067044362e-01,3.666216790678094584e-01
1.309999999999999964e+01,4.320000000000000000e+03,2.266108295051328103e-01,4.067674899072704631e-01,3.666216805875965878e-01
1.351999999999999957e+01,4.320000000000000000e+03,2.266108295266140438e-01,4.067674898700909814e-01,3.666216806032948639e-01
1.393999999999999950e+01,4.320000000000000000e+03,2.266108295479363210e-01,4.067674898331866684e-01,3.666216806188771216e-01
1.435999999999999943e+01,4.320000000000000000e+03,2.266108295691008634e-01,4.067674897965553038e-01,3.666216806343439161e-01
1.477999999999999936e+01,4.320000000000000000e+03,2.266108295901088088e-01,4.067674897601948891e-01,3.666216806496963021e-01
1.519999999999999929e+01,4.320000000000000000e+03,2.266108296109613507e-01,4.067674897241035370e-01,3.666216806649352233e-01
1.561999999999999922e+01,4.320000000000000000e+03,2.266108296316595994e-01,4.067674896882791935e-01,3.666216806800612904e-01
1.603999999999999915e+01,4.320000000000000000e+03,2.266108296522047205e-01,4.067674896527198047e-01,3.666216806950754470e-01
1.646000000000000085e+01,4.320000000000000000e+03,2.266108296725978799e-01,4.067674896174235388e-01,3.666216807099785813e-01
1.687999999999999901e+01,4.320000000000000000e+03,2.266108296928401045e-01,4.067674895823884529e-01,3.666216807247714149e-01
1.729999999999999716e+01,4.320000000000000000e+03,2.266108297129326432e-01,4.067674895476124930e-01,3.666216807394548360e-01
1.771999999999999886e+01,4.320000000000000000e+03,2.266108297328765508e-01,4.067674895130938828e-01,3.666216807540296774e-01
1.814000000000000057e+01,4.320000000000000000e+03,2.266108297526728266e-01,4.067674894788305684e-01,3.666216807684966605e-01
1.855999999999999872e+01,4.320000000000000000e+03,2.266108297723226916e-01,4.067674894448207179e-01,3.666216807828565627e-01
1.897999999999999687e+01,4.320000000000000000e+03,2.266108297918272008e-01,4.067674894110625550e-01,3.666216807971102720e-01
1.939999999999999858e+01,4.320000000000000000e+03,2.266108298111873809e-01,4.067674893775540812e-01,3.666216808112585102e-01
1.982000000000000028e+01,4.320000000000000000e+03,2.266108298304043422e-01,4.067674893442935757e-01,3.666216808253021653e-01
2.023999999999999844e+01,4.320000000000000000e+03,2.266108298494791118e-01,4.067674893112790402e-01,3.666216808392417925e-01
2.065999999999999659e+01,4.320000000000000000e+03,2.266108298684127997e-01,4.067674892785088092e-01,3.666216808530783355e-01
2.107999999999999829e+01,4.320000000000000000e+03,2.266108298872063775e-01,4.067674892459809954e-01,3.666216808668125160e-01
1.309999999999999964e+01,4.500000000000000000e+03,2.266108309395093723e-01,4.067674874246645644e-01,3.666216816358261466e-01
1.351999999999999957e+01,4.500000000000000000e+03,2.266108309503788720e-01,4.067674874058516687e-01,3.666216816437694037e-01
1.393999999999999950e+01,4.500000000000000000e+03,2.266108309611679361e-01,4.067674873871780505e-01,3.666216816516539856e-01
1.435999999999999943e+01,4.500000000000000000e+03,2.266108309718772029e-01,4.067674873686425441e-01,3.666216816594802252e-01
1.477999999999999936e+01,4.500000000000000000e+03,2.266108309825072276e-01,4.067674873502441502e-01,3.666216816672485668e-01
1.519999999999999929e+01,4.500000000000000000e+03,2.266108309930586762e-01,4.067674873319819251e-01,3.666216816749594543e-01
1.561999999999999922e+01,4.500000000000000000e+03,2.266108310035319928e-01,4.067674873138547587e-01,3.666216816826132763e-01
1.603999999999999915e+01,4.500000000000000000e+03,2.266108310139278714e-01,4.067674872958616517e-01,3.666216816902104769e-01
1.646000000000000085e+01,4.500000000000000000e+03,2.266108310242467561e-01,4.067674872780017714e-01,3.666216816977514448e-01
1.687999999999999901e+01,4.500000000000000000e+03,2.266108310344893684e-01,4.067674872602739522e-01,3.666216817052366794e-01
1.729999999999999716e+01,4.500000000000000000e+03,2.266108310446562080e-01,4.067674872426772503e-01,3.666216817126664584e-01
1.771999999999999886e+01,4.500000000000000000e+03,2.266108310547478022e-01,4.067674872252108331e-01,3.666216817200413369e-01
1.814000000000000057e+01,4.500000000000000000e+03,2.266108310647647894e-01,4.067674872078736459e-01,3.666216817273617035e-01
1.855999999999999872e+01,4.500000000000000000e+03,2.266108310747076138e-01,4.067674871906645784e-01,3.666216817346277801e-01
1.897999999999999687e+01,4.500000000000000000e+03,2.266108310845769414e-01,4.067674871735829090e-01,3.666216817418401774e-01
1.939999999999999858e+01,4.500000000000000000e+03,2.266108310943731885e-01,4.067674871566275829e-01,3.666216817489992286e-01
1.982000000000000028e+01,4.500000000000000000e+03,2.266108311040969936e-01,4.067674871397977121e-01,3.666216817561052110e-01
2.023999999999999844e+01,4.500000000000000000e+03,2.266108311137488285e-01,4.067674871230923528e-01,3.666216817631587355e-01
2.065999999999999659e+01,4.500000000000000000e+03,2.266108311233293315e-01,4.067674871065106723e-01,3.666216817701601349e-01
2.107999999999999829e+01,4.500000000000000000e+03,2.266108311328388913e-01,4.067674870900515049e-01,3.666216817771095760e-01
1.309999999999999964e+01,4.680000000000000000e+03,2.266108316653050458e-01,4.067674861684639209e-01,3.666216821662310887e-01
1.351999999999999957e+01,4.680000000000000000e+03,2.266108316708049797e-01,4.067674861589445912e-01,3.666216821702503736e-01
1.393999999999999950e+01,4.680000000000000000e+03,2.266108316762642794e-01,4.067674861494957050e-01,3.666216821742399601e-01
1.435999999999999943e+01,4.680000000000000000e+03,2.266108316816832224e-01,4.067674861401168185e-01,3.666216821782001256e-01
1.477999999999999936e+01,4.680000000000000000e+03,2.266108316870620032e-01,4.067674861308071543e-01,3.666216821821308702e-01
1.519999999999999929e+01,4.680000000000000000e+03,2.266108316924010102e-01,4.067674861215664905e-01,3.666216821860325825e-01
1.561999999999999922e+01,4.680000000000000000e+03,2.266108316977005210e-01,4.067674861123941055e-01,3.666216821899053735e-01
1.603999999999999915e+01,4.680000000000000000e+03,2.266108317029608410e-01,4.067674861032895550e-01,3.666216821937495762e-01
1.646000000000000085e+01,4.680000000000000000e+03,2.266108317081822476e-01,4.067674860942524506e-01,3.666216821975653573e-01
1.687999999999999901e+01,4.680000000000000000e+03,2.266108317133649352e-01,4.067674860852821261e-01,3.666216822013528276e-01
1.729999999999999716e+01,4.680000000000000000e+03,2.266108317185094034e-01,4.067674860763782485e-01,3.666216822051123758e-01
1.771999999999999886e+01,4.680000000000000000e+03,2.266108317236157632e-01,4.067674860675402071e-01,3.666216822088440574e-01
1.814000000000000057e+01,4.680000000000000000e+03,2.266108317286843754e-01,4.067674860587675023e-01,3.666216822125480945e-01
1.855999999999999872e+01,4.680000000000000000e+03,2.266108317337154621e-01,4.067674860500597456e-01,3.666216822162247646e-01
1.897999999999999687e+01,4.680000000000000000e+03,2.266108317387093285e-01,4.067674860414163818e-01,3.666216822198742342e-01
1.939999999999999858e+01,4.680000000000000000e+03,2.266108317436662245e-01,4.067674860328370223e-01,3.666216822234967254e-01
1.982000000000000028e+01,4.680000000000000000e+03,2.266108317485864831e-01,4.067674860243211121e-01,3.666216822270924047e-01
2.023999999999999844e+01,4.680000000000000000e+03,2.266108317534703820e-01,4.067674860158682071e-01,3.666216822306615497e-01
2.065999999999999659e+01,4.680000000000000000e+03,2.266108317583180598e-01,4.067674860074778076e-01,3.666216822342041604e-01
2.107999999999999829e+01,4.680000000000000000e+03,2.266108317631299329e-01,4.067674859991495251e-01,3.666216822377206253e-01
1.309999999999999964e+01,4.860000000000000000e+03,2.266108320325581627e-01,4.067674855328253791e-01,3.666216824346164027e-01
1.351999999999999957e+01,4.860000000000000000e+03,2.266108320353412142e-01,4.067674855280086210e-01,3.666216824366501648e-01
1.393999999999999950e+01,4.860000000000000000e+03,2.266108320381036156e-01,4.067674855232275011e-01,3.666216824386689388e-01
1.435999999999999943e+01,4.860000000000000000e+03,2.266108320408455890e-01,4.067674855184817417e-01,3.666216824406726693e-01
1.477999999999999936e+01,4.860000000000000000e+03,2.266108320435672452e-01,4.067674855137710654e-01,3.666216824426616894e-01
1.519999999999999929e+01,4.860000000000000000e+03,2.266108320462687509e-01,4.067674855090952502e-01,3.666216824446359435e-01
1.561999999999999922e+01,4.860000000000000000e+03,2.266108320489503558e-01,4.067674855044540183e-01,3.666216824465955981e-01
1.603999999999999915e+01,4.860000000000000000e+03,2.266108320516120600e-01,4.067674854998472034e-01,3.666216824485408199e-01
1.646000000000000085e+01,4.860000000000000000e+03,2.266108320542540577e-01,4.067674854952743058e-01,3.666216824504714977e-01
1.687999999999999901e+01,4.860000000000000000e+03,2.266108320568765711e-01,4.067674854907353810e-01,3.666216824523879647e-01
1.729999999999999716e+01,4.860000000000000000e+03,2.266108320594796277e-01,4.067674854862299294e-01,3.666216824542903319e-01
1.771999999999999886e+01,4.860000000000000000e+03,2.266108320620635053e-01,4.067674854817580066e-01,3.666216824561785992e-01
1.814000000000000057e+01,4.860000000000000000e+03,2.266108320646282037e-01,4.067674854773190019e-01,3.666216824580528777e-01
1.855999999999999872e+01,4.860000000000000000e+03,2.266108320671739451e-01,4.067674854729128042e-01,3.666216824599132229e-01
1.897999999999999687e+01,4.860000000000000000e+03,2.266108320697008682e-01,4.067674854685393027e-01,3.666216824617599124e-01
1.939999999999999858e+01,4.860000000000000000e+03,2.266108320722090286e-01,4.067674854641981086e-01,3.666216824635928351e-01
1.982000000000000028e+01,4.860000000000000000e+03,2.266108320746987037e-01,4.067674854598890555e-01,3.666216824654122686e-01
2.023999999999999844e+01,4.860000000000000000e+03,2.266108320771699214e-01,4.067674854556118658e-01,3.666216824672182129e-01
2.065999999999999659e+01,4.860000000000000000e+03,2.266108320796228759e-01,4.067674854513663174e-01,3.666216824690108345e-01
2.107999999999999829e+01,4.860000000000000000e+03,2.266108320820576505e-01,4.067674854471521328e-01,3.666216824707901334e-01
1.309999999999999964e+01,5.040000000000000000e+03,2.266108322183885693e-01,4.067674852111918260e-01,3.666216825704195492e-01
1.351999999999999957e+01,5.040000000000000000e+03,2.266108322197968039e-01,4.067674852087545534e-01,3.666216825714486705e-01
1.393999999999999950e+01,5.040000000000000000e+03,2.266108322211945469e-01,4.067674852063352664e-01,3.666216825724701311e-01
1.435999999999999943e+01,5.040000000000000000e+03,2.266108322225820204e-01,4.067674852039339650e-01,3.666216825734840978e-01
1.477999999999999936e+01,5.040000000000000000e+03,2.266108322239591688e-01,4.067674852015503162e-01,3.666216825744904595e-01
1.519999999999999929e+01,5.040000000000000000e+03,2.266108322253261587e-01,4.067674851991842644e-01,3.666216825754894382e-01
1.561999999999999922e+01,5.040000000000000000e+03,2.266108322266830455e-01,4.067674851968359206e-01,3.666216825764810339e-01
1.603999999999999915e+01,5.040000000000000000e+03,2.266108322280298570e-01,4.067674851945047854e-01,3.666216825774653021e-01
1.646000000000000085e+01,5.040000000000000000e+03,2.266108322293667321e-01,4.067674851921910251e-01,3.666216825784422984e-01
1.687999999999999901e+01,5.040000000000000000e+03,2.266108322306937539e-01,4.067674851898942512e-01,3.666216825794120227e-01
1.729999999999999716e+01,5.040000000000000000e+03,2.266108322320108670e-01,4.067674851876145192e-01,3.666216825803745860e-01
1.771999999999999886e+01,5.040000000000000000e+03,2.266108322333183211e-01,4.067674851853516627e-01,3.666216825813300439e-01
1.814000000000000057e+01,5.040000000000000000e+03,2.266108322346160331e-01,4.067674851831054594e-01,3.666216825822783965e-01
1.855999999999999872e+01,5.040000000000000000e+03,2.266108322359042249e-01,4.067674851808760761e-01,3.666216825832198101e-01
1.897999999999999687e+01,5.040000000000000000e+03,2.266108322371827855e-01,4.067674851786630130e-01,3.666216825841541738e-01
1.939999999999999858e+01,5.040000000000000000e+03,2.266108322384519091e-01,4.067674851764663813e-01,3.666216825850817096e-01
1.982000000000000028e+01,5.040000000000000000e+03,2.266108322397117070e-01,4.067674851742859587e-01,3.666216825860023065e-01
2.023999999999999844e+01,5.040000000000000000e+03,2.266108322409621512e-01,4.067674851721216900e-01,3.666216825869161311e-01
2.065999999999999659e+01,5.040000000000000000e+03,2.266108322422033805e-01,4.067674851699734639e-01,3.666216825878231833e-01
2.107999999999999829e+01,5.040000000000000000e+03,2.266108322434353672e-01,4.067674851678411141e-01,3.666216825887235187e-01
1.309999999999999964e+01,5.220000000000000000e+03,2.266108323124189361e-01,4.067674850484450100e-01,3.666216826391361372e-01
1.351999999999999957e+01,5.220000000000000000e+03,2.266108323131315050e-01,4.067674850472117742e-01,3.666216826396568318e-01
1.393999999999999950e+01,5.220000000000000000e+03,2.266108323138387448e-01,4.067674850459875313e-01,3.666216826401736406e-01
1.435999999999999943e+01,5.220000000000000000e+03,2.266108323145407943e-01,4.067674850447725032e-01,3.666216826406867302e-01
1.477999999999999936e+01,5.220000000000000000e+03,2.266108323152376536e-01,4.067674850435664125e-01,3.666216826411959895e-01
1.519999999999999929e+01,5.220000000000000000e+03,2.266108323159293503e-01,4.067674850423692035e-01,3.666216826417014740e-01
1.561999999999999922e+01,5.220000000000000000e+03,2.266108323166158844e-01,4.067674850411808207e-01,3.666216826422031838e-01
1.603999999999999915e+01,5.220000000000000000e+03,2.266108323172974226e-01,4.067674850400013198e-01,3.666216826427012299e-01
1.646000000000000085e+01,5.220000000000000000e+03,2.266108323179738537e-01,4.067674850388305341e-01,3.666216826431956122e-01
1.687999999999999901e+01,5.220000000000000000e+03,2.266108323186453444e-01,4.067674850376684081e-01,3.666216826436862752e-01
1.729999999999999716e+01,5.220000000000000000e+03,2.266108323193118113e-01,4.067674850365148309e-01,3.666216826441733301e-01
1.771999999999999886e+01,5.220000000000000000e+03,2.266108323199733376e-01,4.067674850353698024e-01,3.666216826446567767e-01
1.814000000000000057e+01,5.220000000000000000e+03,2.266108323206299791e-01,4.067674850342332671e-01,3.666216826451366151e-01
1.855999999999999872e+01,5.220000000000000000e+03,2.266108323212818465e-01,4.067674850331052250e-01,3.666216826456130673e-01
1.897999999999999687e+01,5.220000000000000000e+03,2.266108323219288012e-01,4.067674850319853985e-01,3.666216826460858003e-01
1.939999999999999858e+01,5.220000000000000000e+03,2.266108323225709820e-01,4.067674850308738432e-01,3.666216826465551470e-01
1.982000000000000028e+01,5.220000000000000000e+03,2.266108323232084165e-01,4.067674850297705591e-01,3.666216826470209411e-01
2.023999999999999844e+01,5.220000000000000000e+03,2.266108323238411604e-01,4.067674850286754351e-01,3.666216826474833490e-01
2.065999999999999659e+01,5.220000000000000000e+03,2.266108323244691858e-01,4.067674850275884157e-01,3.666216826479422597e-01
2.107999999999999829e+01,5.220000000000000000e+03,2.266108323250926038e-01,4.067674850265094455e-01,3.666216826483978397e-01
1.309999999999999964e+01,5.400000000000000000e+03,2.266108323599983487e-01,4.067674849660949388e-01,3.666216826739066570e-01
1.351999999999999957e+01,5.400000000000000000e+03,2.266108323603589214e-01,4.067674849654709379e-01,3.666216826741702239e-01
1.393999999999999950e+01,5.400000000000000000e+03,2.266108323607168018e-01,4.067674849648515445e-01,3.666216826744316815e-01
1.435999999999999943e+01,5.400000000000000000e+03,2.266108323610720454e-01,4.067674849642366475e-01,3.666216826746913071e-01
1.477999999999999936e+01,5.400000000000000000e+03,2.266108323614245967e-01,4.067674849636263579e-01,3.666216826749489899e-01
1.519999999999999929e+01,5.400000000000000000e+03,2.266108323617745945e-01,4.067674849630205647e-01,3.666216826752047853e-01
1.561999999999999922e+01,5.400000000000000000e+03,2.266108323621220111e-01,4.067674849624193234e-01,3.666216826754586378e-01
1.603999999999999915e+01,5.400000000000000000e+03,2.266108323624668464e-01,4.067674849618224120e-01,3.666216826757106029e-01
1.646000000000000085e+01,5.400000000000000000e+03,2.266108323628091836e-01,4.067674849612300525e-01,3.666216826759608471e-01
1.687999999999999901e+01,5.400000000000000000e+03,2.266108323631489119e-01,4.067674849606420229e-01,3.666216826762090930e-01
1.729999999999999716e+01,5.400000000000000000e+03,2.266108323634861144e-01,4.067674849600582676e-01,3.666216826764555625e-01
1.771999999999999886e+01,5.400000000000000000e+03,2.266108323638208744e-01,4.067674849594788977e-01,3.666216826767002002e-01
1.814000000000000057e+01,5.400000000000000000e+03,2.266108323641531919e-01,4.067674849589038577e-01,3.666216826769430059e-01
1.855999999999999872e+01,5.400000000000000000e+03,2.266108323644829836e-01,4.067674849583329810e-01,3.666216826771840354e-01
1.897999999999999687e+01,5.400000000000000000e+03,2.266108323648103606e-01,4.067674849577663787e-01,3.666216826774232884e-01
1.939999999999999858e+01,5.400000000000000000e+03,2.266108323651352952e-01,4.067674849572039952e-01,3.666216826776607651e-01
1.982000000000000028e+01,5.400000000000000000e+03,2.266108323654578705e-01,4.067674849566457196e-01,3.666216826778964655e-01
2.023999999999999844e+01,5.400000000000000000e+03,2.266108323657780033e-01,4.067674849560914963e-01,3.666216826781303895e-01
2.065999999999999659e+01,5.400000000000000000e+03,2.266108323660958046e-01,4.067674849555415473e-01,3.666216826783626481e-01
