petal length (cm),petal length (cm),setosa,versicolor,virginica
1.000000000000000000e+00,1.000000000000000056e-01,8.852740075474667680e-01,6.968759508854363571e-02,4.503839736398956156e-02
1.294999999999999929e+00,1.000000000000000056e-01,8.637954680673657348e-01,8.303031835126448157e-02,5.317421358136973503e-02
1.589999999999999858e+00,1.000000000000000056e-01,8.376212134752517580e-01,9.944907936207265930e-02,6.292970716267559661e-02
1.884999999999999787e+00,1.000000000000000056e-01,8.062884634063688383e-01,1.192880617808822208e-01,7.442347481274892707e-02
2.179999999999999716e+00,1.000000000000000056e-01,7.696844700555196539e-01,1.426625423552334571e-01,8.765298758924688904e-02
2.474999999999999645e+00,1.000000000000000056e-01,7.281989939065329764e-01,1.693440217514693424e-01,1.024569843419975979e-01
2.769999999999999574e+00,1.000000000000000056e-01,6.827870456597306958e-01,1.987016500668312979e-01,1.185113042734380062e-01
3.064999999999999503e+00,1.000000000000000056e-01,6.348849119915854766e-01,2.297449412567013904e-01,1.353701467517131052e-01
3.359999999999999432e+00,1.000000000000000056e-01,5.861838010066332538e-01,2.612724254155789905e-01,1.525437735777877835e-01
3.654999999999999361e+00,1.000000000000000056e-01,5.383379025110418548e-01,2.920778159058620149e-01,1.695842815830960193e-01
3.949999999999999289e+00,1.000000000000000056e-01,4.927133716618080084e-01,3.211383088326736357e-01,1.861483195055183559e-01
4.244999999999999218e+00,1.000000000000000056e-01,4.502517684386232455e-01,3.477274316519687325e-01,2.020207999094079943e-01
4.539999999999999147e+00,1.000000000000000056e-01,4.114577398469275171e-01,3.714386032668827720e-01,2.171036568861895721e-01
4.834999999999999076e+00,1.000000000000000056e-01,3.764725355213729974e-01,3.921422309992170230e-01,2.313852334794100074e-01
5.129999999999999005e+00,1.000000000000000056e-01,3.451820745114548283e-01,4.099119034742886303e-01,2.449060220142564581e-01
5.424999999999998934e+00,1.000000000000000056e-01,3.173209430429506095e-01,4.249486632038624867e-01,2.577303937531869593e-01
5.719999999999998863e+00,1.000000000000000056e-01,2.925534314315180184e-01,4.375190374883458078e-01,2.699275310801361183e-01
6.014999999999998792e+00,1.000000000000000056e-01,2.705278835921289815e-01,4.479113402845126268e-01,2.815607761233584472e-01
6.309999999999998721e+00,1.000000000000000056e-01,2.509084650158204810e-01,4.564084554369945423e-01,2.926830795471849767e-01
6.604999999999998650e+00,1.000000000000000056e-01,2.333907888291679167e-01,4.632730146049708342e-01,3.033361965658611936e-01
1.000000000000000000e+00,2.200000000000000011e-01,8.590181597209425313e-01,8.431364320408284152e-02,5.666819707497463415e-02
1.294999999999999929e+00,2.200000000000000011e-01,8.327242922064338471e-01,1.004407950061808191e-01,6.683491278738536157e-02
1.589999999999999858e+00,2.200000000000000011e-01,8.012021905629320706e-01,1.199706768746948149e-01,7.882713256237319777e-02
1.884999999999999787e+00,2.200000000000000011e-01,7.642519655829844716e-01,1.430832787742926382e-01,9.266475564272286247e-02
2.179999999999999716e+00,2.200000000000000011e-01,7.221709213717935061e-01,1.696299961958919467e-01,1.081990824323145056e-01
2.474999999999999645e+00,2.200000000000000011e-01,6.758514447595015406e-01,1.990510402866551842e-01,1.250975149538433306e-01
2.769999999999999574e+00,2.200000000000000011e-01,6.267323024023584432e-01,2.303893149487331038e-01,1.428783826489085085e-01
3.064999999999999503e+00,2.200000000000000011e-01,5.765860513272419441e-01,2.624212862170161586e-01,1.609926624557419528e-01
3.359999999999999432e+00,2.200000000000000011e-01,5.272080027928021106e-01,2.938679156163802042e-01,1.789240815908176296e-01
3.654999999999999361e+00,2.200000000000000011e-01,4.801229685715305284e-01,3.236074903755351562e-01,1.962695410529343709e-01
3.949999999999999289e+00,2.200000000000000011e-01,4.364061299328154675e-01,3.508184533495048996e-01,2.127754167176796329e-01
4.244999999999999218e+00,2.200000000000000011e-01,3.966459101715751334e-01,3.750243808780421850e-01,2.283297089503827093e-01
4.539999999999999147e+00,2.200000000000000011e-01,3.610141798101799693e-01,3.960586249249331559e-01,2.429271952648869859e-01
4.834999999999999076e+00,2.200000000000000011e-01,3.293854101135316181e-01,4.139870252345712598e-01,2.566275646518970666e-01
5.129999999999999005e+00,2.200000000000000011e-01,3.014566468116749443e-01,4.290235088100193273e-01,2.695198443783057840e-01
5.424999999999998934e+00,2.200000000000000011e-01,2.768428923525038665e-01,4.414589917052077483e-01,2.816981159422883296e-01
5.719999999999998863e+00,2.200000000000000011e-01,2.551415654717164583e-01,4.516104862551958421e-01,2.932479482730878106e-01
6.014999999999998792e+00,2.200000000000000011e-01,2.359701296556137862e-01,4.597891805879523730e-01,3.042406897564339796e-01
6.309999999999998721e+00,2.200000000000000011e-01,2.189843827550950472e-01,4.662830355954437067e-01,3.147325816494612738e-01
6.604999999999998650e+00,2.200000000000000011e-01,2.038845101645080649e-01,4.713491397528585258e-01,3.247663500826333260e-01
1.000000000000000000e+00,3.399999999999999689e-01,8.269419436649384503e-01,1.018246773870017247e-01,7.123337894805968629e-02
1.294999999999999929e+00,3.399999999999999689e-01,7.952791709363886685e-01,1.209941313333954549e-01,8.372669773021580719e-02
1.589999999999999858e+00,3.399999999999999689e-01,7.580920177254190095e-01,1.437460618548861979e-01,9.816192041969476478e-02
1.884999999999999787e+00,3.399999999999999689e-01,7.155861834225880624e-01,1.700080927995538671e-01,1.144057237778582231e-01
2.179999999999999716e+00,3.399999999999999689e-01,6.685766470220207980e-01,1.993002626279240519e-01,1.321230903500551224e-01
2.474999999999999645e+00,3.399999999999999689e-01,6.184767455460612462e-01,2.307200556311145567e-01,1.508031988228240583e-01
2.769999999999999574e+00,3.399999999999999689e-01,5.671092512095675664e-01,2.630490142581333179e-01,1.698417345322990324e-01
3.064999999999999503e+00,3.399999999999999689e-01,5.163875995110994710e-01,2.949589808932712720e-01,1.886534195956292570e-01
3.359999999999999432e+00,3.399999999999999689e-01,4.679861050745401929e-01,3.252427890918534459e-01,2.067711058336063334e-01
3.654999999999999361e+00,3.399999999999999689e-01,4.231163613372251886e-01,3.529861669698742266e-01,2.238974716929005015e-01
3.949999999999999289e+00,3.399999999999999689e-01,3.824593805341888753e-01,3.776375298853950624e-01,2.399030895804160068e-01
4.244999999999999218e+00,3.399999999999999689e-01,3.462270980550908872e-01,3.989845832661925162e-01,2.547883186787165410e-01
4.539999999999999147e+00,3.399999999999999689e-01,3.142898467608274959e-01,4.170767604270539386e-01,2.686333928121185100e-01
4.834999999999999076e+00,3.399999999999999689e-01,2.863118309202160594e-01,4.321336709531318765e-01,2.815544981266520641e-01
5.129999999999999005e+00,3.399999999999999689e-01,2.618614900698492676e-01,4.444652040178497243e-01,2.936733059123010081e-01
5.424999999999998934e+00,3.399999999999999689e-01,2.404869003663432092e-01,4.544132087805584641e-01,3.050998908530982989e-01
5.719999999999998863e+00,3.399999999999999689e-01,2.217598842497472411e-01,4.623144882366528874e-01,3.159256275135999270e-01
6.014999999999998792e+00,3.399999999999999689e-01,2.052973090293544467e-01,4.684804697563779152e-01,3.262222212142675271e-01
6.309999999999998721e+00,3.399999999999999689e-01,1.907679278556276559e-01,4.731882099250523943e-01,3.360438622193199776e-01
6.604999999999998650e+00,3.399999999999999689e-01,1.778911403682451875e-01,4.766783012784353013e-01,3.454305583533194279e-01
1.000000000000000000e+00,4.599999999999999645e-01,7.885253737907549354e-01,1.223451912448644402e-01,8.912943496438058277e-02
1.294999999999999929e+00,4.599999999999999645e-01,7.512137225972975729e-01,1.446436017745247604e-01,1.041426756281778887e-01
1.589999999999999858e+00,4.599999999999999645e-01,7.084624545095233872e-01,1.704756849672630359e-01,1.210618605232136741e-01
1.884999999999999787e+00,4.599999999999999645e-01,6.609985726514406856e-01,1.994457925407965848e-01,1.395556348077625908e-01
2.179999999999999716e+00,4.599999999999999645e-01,6.101833972050046961e-01,2.307242156675718414e-01,1.590923871274235735e-01
2.474999999999999645e+00,4.599999999999999645e-01,5.578554365539866167e-01,2.631251922767547380e-01,1.790193711692586453e-01
2.769999999999999574e+00,4.599999999999999645e-01,5.060164655228422959e-01,2.952990367269950900e-01,1.986844977501626697e-01
3.064999999999999503e+00,4.599999999999999645e-01,4.564742486970980728e-01,3.259719298750308747e-01,2.175538214278710802e-01
3.359999999999999432e+00,4.599999999999999645e-01,4.105753736556988498e-01,3.541435230272426127e-01,2.352811033170585653e-01
3.654999999999999361e+00,4.599999999999999645e-01,3.691014256222276968e-01,3.791837019274826304e-01,2.517148724502895618e-01
3.949999999999999289e+00,4.599999999999999645e-01,3.323154193853082861e-01,4.008257457930706757e-01,2.668588348216210937e-01
4.244999999999999218e+00,4.599999999999999645e-01,3.000934246915245573e-01,4.190925690764699119e-01,2.808140062320055863e-01
4.539999999999999147e+00,4.599999999999999645e-01,2.720740506030080441e-01,4.342003971452464417e-01,2.937255522517454032e-01
4.834999999999999076e+00,4.599999999999999645e-01,2.477839572631486409e-01,4.464709442641956461e-01,3.057450984726558518e-01
5.129999999999999005e+00,4.599999999999999645e-01,2.267249344331841998e-01,4.562656702425233468e-01,3.170093953242926199e-01
5.424999999999998934e+00,4.599999999999999645e-01,2.084251898878818066e-01,4.639433460080362726e-01,3.276314641040818931e-01
5.719999999999998863e+00,4.599999999999999645e-01,1.924641264717134315e-01,4.698363983505793873e-01,3.376994751777070980e-01
6.014999999999998792e+00,4.599999999999999645e-01,1.784802284783157389e-01,4.742402237931568343e-01,3.472795477285274823e-01
6.309999999999998721e+00,4.599999999999999645e-01,1.661695225042268409e-01,4.774104808142856649e-01,3.564199966814873832e-01
6.604999999999998650e+00,4.599999999999999645e-01,1.552795716921167024e-01,4.795647673508163233e-01,3.651556609570669742e-01
1.000000000000000000e+00,5.799999999999999600e-01,7.436524631132503949e-01,1.457583090916519664e-01,1.105892277950977221e-01
1.294999999999999929e+00,5.799999999999999600e-01,7.008402163384098715e-01,1.710235551052176894e-01,1.281362285563726333e-01
1.589999999999999858e+00,5.799999999999999600e-01,6.531695233689907010e-01,1.994839956254297053e-01,1.473464810055795937e-01
1.884999999999999787e+00,5.799999999999999600e-01,6.019258226904221631e-01,2.303969692633937583e-01,1.676772080461839953e-01
2.179999999999999716e+00,5.799999999999999600e-01,5.489274634247263140e-01,2.626356556995451674e-01,1.884368808757284075e-01
2.474999999999999645e+00,5.799999999999999600e-01,4.962292465482114889e-01,2.948587520548252572e-01,2.089120013969631429e-01
2.769999999999999574e+00,5.799999999999999600e-01,4.457495085189923656e-01,3.257492868020778753e-01,2.285012046789296480e-01
3.064999999999999503e+00,5.799999999999999600e-01,3.989635441269143712e-01,3.542320522059931864e-01,2.468044036670925534e-01
3.359999999999999432e+00,5.799999999999999600e-01,3.567600072722574289e-01,3.795977098386674187e-01,2.636422828890752079e-01
3.654999999999999361e+00,5.799999999999999600e-01,3.194652891491287505e-01,4.015167949968789229e-01,2.790179158539923265e-01
3.949999999999999289e+00,5.799999999999999600e-01,2.869736765821203628e-01,4.199745280728521823e-01,2.930517953450275659e-01
4.244999999999999218e+00,5.799999999999999600e-01,2.589081444540466403e-01,4.351729864610632270e-01,3.059188690848900771e-01
4.539999999999999147e+00,5.799999999999999600e-01,2.347605595663981581e-01,4.474368724294559563e-01,3.178025680041456913e-01
4.834999999999999076e+00,5.799999999999999600e-01,2.139910173371908919e-01,4.571406639446114473e-01,3.288683187181977163e-01
5.129999999999999005e+00,5.799999999999999600e-01,1.960870879740082839e-01,4.646604901591629977e-01,3.392524218668287461e-01
5.424999999999998934e+00,5.799999999999999600e-01,1.805926934261631034e-01,4.703467110024739384e-01,3.490605955713628750e-01
5.719999999999998863e+00,5.799999999999999600e-01,1.671174399314722114e-01,4.745111163463893722e-01,3.583714437221383609e-01
6.014999999999998792e+00,5.799999999999999600e-01,1.553350079095910108e-01,4.774232617738405904e-01,3.672417303165684821e-01
6.309999999999998721e+00,5.799999999999999600e-01,1.449763618735381843e-01,4.793119016251621844e-01,3.757117365012995203e-01
6.604999999999998650e+00,5.799999999999999600e-01,1.358212030759285427e-01,4.803688801365223471e-01,3.838099167875490547e-01
1.000000000000000000e+00,6.999999999999999556e-01,6.927797523681524794e-01,1.716381245389876631e-01,1.355821230928597187e-01
1.294999999999999929e+00,6.999999999999999556e-01,6.451539508383025145e-01,1.994133003022439121e-01,1.554327488594535456e-01
1.589999999999999858e+00,6.999999999999999556e-01,5.937799407056456591e-01,2.297441742083390914e-01,1.764758850860151940e-01
1.884999999999999787e+00,6.999999999999999556e-01,5.404207286832071189e-01,2.615859877953471413e-01,1.979932835214457676e-01
2.179999999999999716e+00,6.999999999999999556e-01,4.871451560926777224e-01,2.936360731239354149e-01,2.192187707833869181e-01
2.474999999999999645e+00,6.999999999999999556e-01,4.359530614317787545e-01,3.245613437393560230e-01,2.394855948288651670e-01
2.769999999999999574e+00,6.999999999999999556e-01,3.884368119035566669e-01,3.532275116388364777e-01,2.583356764576069109e-01
3.064999999999999503e+00,6.999999999999999556e-01,3.455963046985190412e-01,3.788487013938056647e-01,2.755549939076751276e-01
3.359999999999999432e+00,6.999999999999999556e-01,3.078342959163541948e-01,4.010256900486242060e-01,2.911400140350215993e-01
3.654999999999999361e+00,6.999999999999999556e-01,2.750781547075991651e-01,4.196943967298428779e-01,3.052274485625579015e-01
3.949999999999999289e+00,6.999999999999999556e-01,2.469479023919680660e-01,4.350306482992826185e-01,3.180214493087492045e-01
4.244999999999999218e+00,6.999999999999999556e-01,2.229098600296239019e-01,4.473517693082867952e-01,3.297383706620892196e-01
4.539999999999999147e+00,6.999999999999999556e-01,2.023885798623821231e-01,4.570373515389948293e-01,3.405740685986231586e-01
4.834999999999999076e+00,6.999999999999999556e-01,1.848348921381190724e-01,4.644753209847787834e-01,3.506897868771022275e-01
5.129999999999999005e+00,6.999999999999999556e-01,1.697596715079457697e-01,4.700303046196935286e-01,3.602100238723607295e-01
5.424999999999998934e+00,6.999999999999999556e-01,1.567451819496780141e-01,4.740282204339338334e-01,3.692265976163881525e-01
5.719999999999998863e+00,6.999999999999999556e-01,1.454437509638757120e-01,4.767512326526870403e-01,3.778050163834373310e-01
6.014999999999998792e+00,6.999999999999999556e-01,1.355704024487766057e-01,4.784386157970278441e-01,3.859909817541955501e-01
6.309999999999998721e+00,6.999999999999999556e-01,1.268934093504539840e-01,4.792905564781611560e-01,3.938160341713849433e-01
6.604999999999998650e+00,6.999999999999999556e-01,1.192248713829652806e-01,4.794730918395717634e-01,4.013020367774630670e-01
1.000000000000000000e+00,8.199999999999999512e-01,6.370228027982826058e-01,1.992361693768829878e-01,1.637410278248345452e-01
1.294999999999999929e+00,8.199999999999999512e-01,5.858173335937731929e-01,2.287839406908004636e-01,1.853987257154263435e-01
1.589999999999999858e+00,8.199999999999999512e-01,5.324150847037453227e-01,2.600031864325159647e-01,2.075817288637387403e-01
1.884999999999999787e+00,8.199999999999999512e-01,4.788585639053583587e-01,2.916583825538037189e-01,2.294830535408379779e-01
2.179999999999999716e+00,8.199999999999999512e-01,4.271950413296203841e-01,3.224293085700707939e-01,2.503756501003087109e-01
2.474999999999999645e+00,8.199999999999999512e-01,3.791167550523389940e-01,3.511425207650286651e-01,2.697407241826322299e-01
2.769999999999999574e+00,8.199999999999999512e-01,3.357357293799877462e-01,3.769422630267437735e-01,2.873220075932684803e-01
3.064999999999999503e+00,8.199999999999999512e-01,2.975438407159273768e-01,3.993548141885193692e-01,3.031013450955533650e-01
3.359999999999999432e+00,8.199999999999999512e-01,2.645182622405204964e-01,4.182556085129679468e-01,3.172261292465115012e-01
3.654999999999999361e+00,8.199999999999999512e-01,2.362912754524509606e-01,4.337813360625409342e-01,3.299273884850081329e-01
3.949999999999999289e+00,8.199999999999999512e-01,2.123151397797750917e-01,4.462303328854330675e-01,3.414545273347917576e-01
4.244999999999999218e+00,8.199999999999999512e-01,1.919865786675947483e-01,4.559781974514827141e-01,3.520352238809227319e-01
4.539999999999999147e+00,8.199999999999999512e-01,1.747244812218142207e-01,4.634181592143099548e-01,3.618573595638758800e-01
4.834999999999999076e+00,8.199999999999999512e-01,1.600095123809364972e-01,4.689248296206030564e-01,3.710656579984604186e-01
5.129999999999999005e+00,8.199999999999999512e-01,1.473982154555204815e-01,4.728356446512133049e-01,3.797661398932662968e-01
5.424999999999998934e+00,8.199999999999999512e-01,1.365224657612126302e-01,4.754439442236977342e-01,3.880335900150895245e-01
5.719999999999998863e+00,8.199999999999999512e-01,1.270818270796091332e-01,4.769988746418028502e-01,3.959192982785881276e-01
6.014999999999998792e+00,8.199999999999999512e-01,1.188333779688723058e-01,4.777088142146906358e-01,4.034578078164370307e-01
6.309999999999998721e+00,8.199999999999999512e-01,1.115814535558440623e-01,4.777462762169832344e-01,4.106722702271727310e-01
6.604999999999998650e+00,8.199999999999999512e-01,1.051684308142217528e-01,4.772531260229269101e-01,4.175784431628513649e-01
1.000000000000000000e+00,9.399999999999999467e-01,5.780989256386506181e-01,2.275468380511633526e-01,1.943542363101860293e-01
1.294999999999999929e+00,9.399999999999999467e-01,5.249681262642645896e-01,2.579351246863456071e-01,2.170967490493898588e-01
1.589999999999999858e+00,9.399999999999999467e-01,4.714317577818855631e-01,2.889817838572196762e-01,2.395864583608947052e-01
1.884999999999999787e+00,9.399999999999999467e-01,4.195471331566819062e-01,3.194085169343493513e-01,2.610443499089686314e-01
2.179999999999999716e+00,9.399999999999999467e-01,3.710837237047546755e-01,3.480259537948517390e-01,2.808903225003935855e-01
2.474999999999999645e+00,9.399999999999999467e-01,3.272622659282048985e-01,3.739194226191777104e-01,2.988183114526174466e-01
2.769999999999999574e+00,9.399999999999999467e-01,2.886750479412427128e-01,3.965392277561368140e-01,3.147857243026204732e-01
3.064999999999999503e+00,9.399999999999999467e-01,2.553667669526362149e-01,4.156905856472262184e-01,3.289426474001375666e-01
3.359999999999999432e+00,9.399999999999999467e-01,2.269993131779090290e-01,4.314581196814818442e-01,3.415425671406090435e-01
3.654999999999999361e+00,9.399999999999999467e-01,2.030244967421059032e-01,4.441087311770440804e-01,3.528667720808501551e-01
3.949999999999999289e+00,9.399999999999999467e-01,1.828204931163513736e-01,4.540038818449299018e-01,3.631756250387186968e-01
4.244999999999999218e+00,9.399999999999999467e-01,1.657799665431292646e-01,4.615347063297520758e-01,3.726853271271187151e-01
4.539999999999999147e+00,9.399999999999999467e-01,1.513566121001755360e-01,4.670808647897372046e-01,3.815625231100871484e-01
4.834999999999999076e+00,9.399999999999999467e-01,1.390829415506350253e-01,4.709882991099224592e-01,3.899287593394424323e-01
5.129999999999999005e+00,9.399999999999999467e-01,1.285711612310570517e-01,4.735598908530464501e-01,3.978689479158966646e-01
5.424999999999998934e+00,9.399999999999999467e-01,1.195056541217286994e-01,4.750539492162045851e-01,4.054403966620667155e-01
5.719999999999998863e+00,9.399999999999999467e-01,1.116323138125826647e-01,4.756869211469688663e-01,4.126807650404484273e-01
6.014999999999998792e+00,9.399999999999999467e-01,1.047475807546439930e-01,4.756380206106750608e-01,4.196143986346809740e-01
6.309999999999998721e+00,9.399999999999999467e-01,9.868851732599834281e-02,4.750544286706800401e-01,4.262570540033215893e-01
6.604999999999998650e+00,9.399999999999999467e-01,9.332440014147229401e-02,4.740563429366952408e-01,4.326192569218325068e-01
1.000000000000000000e+00,1.060000000000000053e+00,5.181107921444930708e-01,2.554478434504182105e-01,2.264413644050886631e-01
1.294999999999999929e+00,1.060000000000000053e+00,4.648907796191897313e-01,2.856876282169479309e-01,2.494215921638622824e-01
1.589999999999999858e+00,1.060000000000000053e+00,4.130386245072670826e-01,3.155848178007552574e-01,2.713765576919776046e-01
1.884999999999999787e+00,1.060000000000000053e+00,3.643735223832070824e-01,3.439594079253580072e-01,2.916670696914349104e-01
2.179999999999999716e+00,1.060000000000000053e+00,3.202163223228530198e-01,3.698530495966239617e-01,3.099306280805230185e-01
2.474999999999999645e+00,1.060000000000000053e+00,2.812681112383720872e-01,3.926427174481463833e-01,3.260891713134815295e-01
2.769999999999999574e+00,1.060000000000000053e+00,2.476586564929690315e-01,4.120562333047269044e-01,3.402851102023042307e-01
3.064999999999999503e+00,1.060000000000000053e+00,2.190983141986211913e-01,4.281140738049905026e-01,3.527876119963882506e-01
3.359999999999999432e+00,1.060000000000000053e+00,1.950539854614767865e-01,4.410389609005626044e-01,3.639070536379606091e-01
3.654999999999999361e+00,1.060000000000000053e+00,1.748961542044829565e-01,4.511672742575970618e-01,3.739365715379199262e-01
3.949999999999999289e+00,1.060000000000000053e+00,1.579979606337642006e-01,4.588797941495115218e-01,3.831222452167241110e-01
4.244999999999999218e+00,1.060000000000000053e+00,1.437898304766856705e-01,4.645555889552127060e-01,3.916545805681015957e-01
4.539999999999999147e+00,1.060000000000000053e+00,1.317820354320645149e-01,4.685456069069350304e-01,3.996723576610004547e-01
4.834999999999999076e+00,1.060000000000000053e+00,1.215677951348184960e-01,4.711603486596602219e-01,4.072718562055212543e-01
5.129999999999999005e+00,1.060000000000000053e+00,1.128163970010503808e-01,4.726664411540926203e-01,4.145171618448570960e-01
5.424999999999998934e+00,1.060000000000000053e+00,1.052623385536735762e-01,4.732882439713634315e-01,4.214494174749630617e-01
5.719999999999998863e+00,1.060000000000000053e+00,9.869382388188410737e-02,4.732119261813371169e-01,4.280942499367788590e-01
6.014999999999998792e+00,1.060000000000000053e+00,9.294221514035092002e-02,4.725904604629677652e-01,4.344673243966812870e-01
6.309999999999998721e+00,1.060000000000000053e+00,8.787304310017952924e-02,4.715486679851625951e-01,4.405782889146578341e-01
6.604999999999998650e+00,1.060000000000000053e+00,8.337866369516741538e-02,4.701878789987284923e-01,4.464334573061041755e-01
1.000000000000000000e+00,1.180000000000000160e+00,4.592247012321439836e-01,2.818768624859190886e-01,2.588984362819369278e-01
1.294999999999999929e+00,1.180000000000000160e+00,4.076560916759887077e-01,3.110685935308437067e-01,2.812753147931676412e-01
1.589999999999999858e+00,1.180000000000000160e+00,3.589775543842119720e-01,3.390514686261659194e-01,3.019709769896221641e-01
1.884999999999999787e+00,1.180000000000000160e+00,3.145957006969672398e-01,3.648424729830696545e-01,3.205618263199631057e-01
2.179999999999999716e+00,1.180000000000000160e+00,2.753244140815310770e-01,3.877525775484438331e-01,3.369230083700250900e-01
2.474999999999999645e+00,1.180000000000000160e+00,2.413944760645068965e-01,4.074286468255342575e-01,3.511768771099587627e-01
2.769999999999999574e+00,1.180000000000000160e+00,2.125842091588934779e-01,4.238167738076260571e-01,3.635990170334804095e-01
3.064999999999999503e+00,1.180000000000000160e+00,1.883927568629475691e-01,4.370831200945793360e-01,3.745241230424730672e-01
3.359999999999999432e+00,1.180000000000000160e+00,1.681953463660879333e-01,4.475275567365785689e-01,3.842770968973335810e-01
3.654999999999999361e+00,1.180000000000000160e+00,1.513533974285987405e-01,4.555114688183747873e-01,3.931351337530263890e-01
3.949999999999999289e+00,1.180000000000000160e+00,1.372783517418100507e-01,4.614069364701102183e-01,4.013147117880795922e-01
4.244999999999999218e+00,1.180000000000000160e+00,1.254602282492253695e-01,4.655658230357554994e-01,4.089739487150191866e-01
4.539999999999999147e+00,1.180000000000000160e+00,1.154739026870767876e-01,4.683039248612035910e-01,4.162221724517195520e-01
4.834999999999999076e+00,1.180000000000000160e+00,1.069734968257021468e-01,4.698951055467372462e-01,4.231313976275606903e-01
5.129999999999999005e+00,1.180000000000000160e+00,9.968170579541728304e-02,4.705713680923258591e-01,4.297469261122568995e-01
5.424999999999998934e+00,1.180000000000000160e+00,9.337796213296697956e-02,4.705260598429943930e-01,4.360959780240385997e-01
5.719999999999998863e+00,1.180000000000000160e+00,8.788736974411796854e-02,4.699184390883117124e-01,4.421941911675704162e-01
6.014999999999998792e+00,1.180000000000000160e+00,8.307118221966748595e-02,4.688785700453764749e-01,4.480502477349559420e-01
6.309999999999998721e+00,1.180000000000000160e+00,7.881898681231173931e-02,4.675119943299477776e-01,4.536690188577405802e-01
6.604999999999998650e+00,1.180000000000000160e+00,7.504246906752272406e-02,4.659039213957331116e-01,4.590536095367440672e-01
1.000000000000000000e+00,1.300000000000000044e+00,4.033463842403601785e-01,3.059873300218571290e-01,2.906662857377827480e-01
1.294999999999999929e+00,1.300000000000000044e+00,3.548459089791011212e-01,3.334306694999708554e-01,3.117234215209280790e-01
1.589999999999999858e+00,1.300000000000000044e+00,3.103589511509036725e-01,3.590072047773968378e-01,3.306338440716995453e-01
1.884999999999999787e+00,1.300000000000000044e+00,2.708104854631138148e-01,3.819740267144982049e-01,3.472154878223879804e-01
2.179999999999999716e+00,1.300000000000000044e+00,2.365450707216417703e-01,4.018979577248320556e-01,3.615569715535261186e-01
2.474999999999999645e+00,1.300000000000000044e+00,2.074280354122082504e-01,4.186433294686292550e-01,3.739286351191624669e-01
2.769999999999999574e+00,1.300000000000000044e+00,1.830090547260950218e-01,4.323085004988008739e-01,3.846824447751039933e-01
3.064999999999999503e+00,1.300000000000000044e+00,1.626820742580575851e-01,4.431453527551570404e-01,3.941725729867853745e-01
3.359999999999999432e+00,1.300000000000000044e+00,1.458058514353133273e-01,4.514861988266537507e-01,4.027079497380328665e-01
3.654999999999999361e+00,1.300000000000000044e+00,1.317778981997576593e-01,4.576889509453745397e-01,4.105331508548677455e-01
3.949999999999999289e+00,1.300000000000000044e+00,1.200703150588692814e-01,4.621015981071046053e-01,4.178280868340261134e-01
4.244999999999999218e+00,1.300000000000000044e+00,1.102403432920191217e-01,4.650423808942119042e-01,4.247172758137688353e-01
4.539999999999999147e+00,1.300000000000000044e+00,1.019267831220468240e-01,4.667909647884400104e-01,4.312822520895131517e-01
4.834999999999999076e+00,1.300000000000000044e+00,9.483997062684081103e-02,4.675865171155403899e-01,4.375735122576187575e-01
5.129999999999999005e+00,1.300000000000000044e+00,8.874986793576369881e-02,4.676296815065244528e-01,4.436204505577118762e-01
5.424999999999998934e+00,1.300000000000000044e+00,8.347461127808386561e-02,4.670864599602896905e-01,4.494389287616264994e-01
5.719999999999998863e+00,1.300000000000000044e+00,7.887051684977225419e-02,4.660927849690467140e-01,4.550366981811809208e-01
6.014999999999998792e+00,1.300000000000000044e+00,7.482381409116804771e-02,4.647590920268297454e-01,4.604170938820020820e-01
6.309999999999998721e+00,1.300000000000000044e+00,7.124402402418791858e-02,4.631745393542878175e-01,4.655814366215243472e-01
6.604999999999998650e+00,1.300000000000000044e+00,6.805875961519249062e-02,4.614107244259900154e-01,4.705305159588176189e-01
1.000000000000000000e+00,1.419999999999999929e+00,3.518926508649772300e-01,3.272380090505958017e-01,3.208693400844269683e-01
1.294999999999999929e+00,1.419999999999999929e+00,3.074302793595884986e-01,3.524805155873226292e-01,3.400892050530889277e-01
1.589999999999999858e+00,1.419999999999999929e+00,2.676628545774191736e-01,3.754249284649467389e-01,3.569122169576340320e-01
1.884999999999999787e+00,1.419999999999999929e+00,2.330567205902637218e-01,3.955639434403954158e-01,3.713793359693409735e-01
2.179999999999999716e+00,1.419999999999999929e+00,2.035814732256523707e-01,4.126765492463466689e-01,3.837419775280008771e-01
2.474999999999999645e+00,1.419999999999999929e+00,1.788560710589838787e-01,4.267840527593922961e-01,3.943598761816237142e-01
2.769999999999999574e+00,1.419999999999999929e+00,1.583085604609456853e-01,4.380793614913165435e-01,4.036120780477378545e-01
3.064999999999999503e+00,1.419999999999999929e+00,1.413054987678750152e-01,4.468556425236234197e-01,4.118388587085015651e-01
3.359999999999999432e+00,1.419999999999999929e+00,1.272365184206761257e-01,4.534487038563733141e-01,4.193147777229505047e-01
3.654999999999999361e+00,1.419999999999999929e+00,1.155586850990730496e-01,4.581970852105571868e-01,4.262442296903697359e-01
3.949999999999999289e+00,1.419999999999999929e+00,1.058125300415548586e-01,4.614179634005907693e-01,4.327695065578544553e-01
4.244999999999999218e+00,1.419999999999999929e+00,9.762138901000509683e-02,4.633948890710687385e-01,4.389837219189261508e-01
4.539999999999999147e+00,1.419999999999999929e+00,9.068259505357247063e-02,4.643733956803427487e-01,4.449440092660849055e-01
4.834999999999999076e+00,1.419999999999999929e+00,8.475581732380291222e-02,4.645613510219441800e-01,4.506828316542528245e-01
5.129999999999999005e+00,1.419999999999999929e+00,7.965138946040299650e-02,4.641318607497817994e-01,4.562167497898151902e-01
5.424999999999998934e+00,1.419999999999999929e+00,7.521991872757101405e-02,4.632273129327744710e-01,4.615527683396545289e-01
5.719999999999998863e+00,1.419999999999999929e+00,7.134359586321870061e-02,4.619637176698550007e-01,4.666926864669262986e-01
6.014999999999998792e+00,1.419999999999999929e+00,6.792919047679005229e-02,4.604348738706288136e-01,4.716359356525811619e-01
6.309999999999998721e+00,1.419999999999999929e+00,6.490253181539640259e-02,4.587161339629089452e-01,4.763813342216947078e-01
6.604999999999998650e+00,1.419999999999999929e+00,6.220422055758709906e-02,4.568676801210180272e-01,4.809280993213949085e-01
1.000000000000000000e+00,1.540000000000000036e+00,3.057052869886424107e-01,3.454033656562449650e-01,3.488913473551126798e-01
1.294999999999999929e+00,1.540000000000000036e+00,2.657930757972402636e-01,3.682311662576283062e-01,3.659757579451312637e-01
1.589999999999999858e+00,1.540000000000000036e+00,2.308559159649013204e-01,3.885326601425734272e-01,3.806114238925251692e-01
1.884999999999999787e+00,1.540000000000000036e+00,2.009816924055874698e-01,4.060024444555849210e-01,3.930158631388275814e-01
2.179999999999999716e+00,1.540000000000000036e+00,1.758769486265469029e-01,4.205783983045022212e-01,4.035446530689508204e-01
2.474999999999999645e+00,1.540000000000000036e+00,1.550203275130062619e-01,4.323846342916061181e-01,4.125950381953875090e-01
2.769999999999999574e+00,1.540000000000000036e+00,1.377981483535315188e-01,4.416650690873886176e-01,4.205367825590798359e-01
3.064999999999999503e+00,1.540000000000000036e+00,1.235994516117181058e-01,4.487248253721045077e-01,4.276757230161774004e-01
3.359999999999999432e+00,1.540000000000000036e+00,1.118699423557232842e-01,4.538865906475172962e-01,4.342434669967593086e-01
3.654999999999999361e+00,1.540000000000000036e+00,1.021347677420826050e-01,4.574622002393283204e-01,4.404030320185892133e-01
3.949999999999999289e+00,1.540000000000000036e+00,9.400179616026697882e-02,4.597365618970861156e-01,4.462616419426468362e-01
4.244999999999999218e+00,1.540000000000000036e+00,8.715470699539858146e-02,4.609603405918138441e-01,4.518849524127874773e-01
4.539999999999999147e+00,1.540000000000000036e+00,8.134197964769403211e-02,4.613482716124948091e-01,4.573097487398111727e-01
4.834999999999999076e+00,1.540000000000000036e+00,7.636521494602607762e-02,4.610807557124316780e-01,4.625540293415422721e-01
5.129999999999999005e+00,1.540000000000000036e+00,7.206844702524206614e-02,4.603071363756843226e-01,4.676244165990735557e-01
5.424999999999998934e+00,1.540000000000000036e+00,6.832906717696249355e-02,4.591496439425056253e-01,4.725212888805319644e-01
5.719999999999998863e+00,1.540000000000000036e+00,6.505044252390086712e-02,4.577074060317197768e-01,4.772421514443794255e-01
6.014999999999998792e+00,1.540000000000000036e+00,6.215606934283233326e-02,4.560601992402480431e-01,4.817837314169194363e-01
6.309999999999998721e+00,1.540000000000000036e+00,5.958501714585624082e-02,4.542717906876076461e-01,4.861431921665361200e-01
6.604999999999998650e+00,1.540000000000000036e+00,5.728841373859101804e-02,4.523928215970411393e-01,4.903187646643679676e-01
1.000000000000000000e+00,1.660000000000000142e+00,2.650924924408777361e-01,3.605227378193675003e-01,3.743847697397548191e-01
1.294999999999999929e+00,1.660000000000000142e+00,2.298533555668510753e-01,3.809140388054759185e-01,3.892326056276729229e-01
1.589999999999999858e+00,1.660000000000000142e+00,1.995550952377125598e-01,3.987089553990739166e-01,4.017359493632134959e-01
1.884999999999999787e+00,1.660000000000000142e+00,1.740085396897459447e-01,4.137592481710001824e-01,4.122322121392538175e-01
2.179999999999999716e+00,1.660000000000000142e+00,1.527600189245913731e-01,4.261123424441614627e-01,4.211276386312472475e-01
2.474999999999999645e+00,1.660000000000000142e+00,1.352290542311007371e-01,4.359532688912902132e-01,4.288176768776090220e-01
2.769999999999999574e+00,1.660000000000000142e+00,1.208128348852901962e-01,4.435474655008765921e-01,4.356396996138331978e-01
3.064999999999999503e+00,1.660000000000000142e+00,1.089504324513187461e-01,4.491945660425699649e-01,4.418550015061111780e-01
3.359999999999999432e+00,1.660000000000000142e+00,9.915355654575661037e-02,4.531959385035784216e-01,4.476505049506648848e-01
3.654999999999999361e+00,1.660000000000000142e+00,9.101489985134454674e-02,4.558345892115483466e-01,4.531505109371071205e-01
3.949999999999999289e+00,1.660000000000000142e+00,8.420392985438582278e-02,4.573645236807309944e-01,4.584315464648833216e-01
4.244999999999999218e+00,1.660000000000000142e+00,7.845702507532419101e-02,4.580066015144093616e-01,4.635363734102664890e-01
4.539999999999999147e+00,1.660000000000000142e+00,7.356606290803631432e-02,4.579484630364778486e-01,4.684854740554858510e-01
4.834999999999999076e+00,1.660000000000000142e+00,6.936756748430465691e-02,4.573467632612888134e-01,4.732856692544063493e-01
5.129999999999999005e+00,1.660000000000000142e+00,6.573330142338558446e-02,4.563305252418800584e-01,4.779361733347342600e-01
5.424999999999998934e+00,1.660000000000000142e+00,6.256252058786790360e-02,4.550048650098446057e-01,4.824326144022874074e-01
5.719999999999998863e+00,1.660000000000000142e+00,5.977579360383471208e-02,4.534546505469848054e-01,4.867695558491804131e-01
6.014999999999998792e+00,1.660000000000000142e+00,5.731016438858509837e-02,4.517478634221923639e-01,4.909419721892225308e-01
6.309999999999998721e+00,1.660000000000000142e+00,5.511541066618549922e-02,4.499385617576738827e-01,4.949460275761405903e-01
6.604999999999998650e+00,1.660000000000000142e+00,5.315117035318561722e-02,4.480694206401407143e-01,4.987794090066736685e-01
1.000000000000000000e+00,1.780000000000000027e+00,2.299470694082488276e-01,3.728201771852112656e-01,3.972327534065398513e-01
1.294999999999999929e+00,1.780000000000000027e+00,1.992198525294164024e-01,3.908855659230114354e-01,4.098945815475721344e-01
1.589999999999999858e+00,1.780000000000000027e+00,1.731838127148918050e-01,4.063938845975679226e-01,4.204223026875402169e-01
1.884999999999999787e+00,1.780000000000000027e+00,1.514698652158648351e-01,4.193107050187289686e-01,4.292194297654062241e-01
2.179999999999999716e+00,1.780000000000000027e+00,1.335454441686320659e-01,4.297536375696843214e-01,4.367009182616836682e-01
2.474999999999999645e+00,1.780000000000000027e+00,1.188262221846265732e-01,4.379393796958105378e-01,4.432343981195628890e-01
2.769999999999999574e+00,1.780000000000000027e+00,1.067506750529122889e-01,4.441366395637484921e-01,4.491126853833391497e-01
3.064999999999999503e+00,1.780000000000000027e+00,9.681988472904808074e-02,4.486303220031552796e-01,4.545497932677968200e-01
3.359999999999999432e+00,1.780000000000000027e+00,8.861213576543915116e-02,4.516974480823968130e-01,4.596904161521641607e-01
3.654999999999999361e+00,1.780000000000000027e+00,8.178233715843699625e-02,4.535929013150401534e-01,4.646247615265228226e-01
3.949999999999999289e+00,1.780000000000000027e+00,7.605391326516253159e-02,4.545424291520144267e-01,4.694036575828230973e-01
4.244999999999999218e+00,1.780000000000000027e+00,7.120800819984629548e-02,4.547405225957252273e-01,4.740514692044284772e-01
4.539999999999999147e+00,1.780000000000000027e+00,6.707264889451142187e-02,4.543512966247736373e-01,4.785760544807149963e-01
4.834999999999999076e+00,1.780000000000000027e+00,6.351308311213092750e-02,4.535110221145004505e-01,4.829758947733687191e-01
5.129999999999999005e+00,1.780000000000000027e+00,6.042369451153887377e-02,4.523314062011191683e-01,4.872448992873419926e-01
5.424999999999998934e+00,1.780000000000000027e+00,5.772148626462264565e-02,4.509030560434957868e-01,4.913754576918816785e-01
5.719999999999998863e+00,1.780000000000000027e+00,5.534094886806546765e-02,4.492987993066517305e-01,4.953602518252827602e-01
6.014999999999998792e+00,1.780000000000000027e+00,5.323007567817816810e-02,4.475766934615649784e-01,4.991932308602569091e-01
6.309999999999998721e+00,1.780000000000000027e+00,5.134729618452954503e-02,4.457826561258700915e-01,5.028700476896004190e-01
6.604999999999998650e+00,1.780000000000000027e+00,4.965912697146152716e-02,4.439527080283759419e-01,5.063881650001625934e-01
1.000000000000000000e+00,1.899999999999999911e+00,1.998873691089166071e-01,3.826233793442775366e-01,4.174892515468058285e-01
1.294999999999999929e+00,1.899999999999999911e+00,1.733330105663189735e-01,3.985502677569315866e-01,4.281167216767494121e-01
1.589999999999999858e+00,1.899999999999999911e+00,1.510928786224083609e-01,4.120266662261707347e-01,4.368804551514207657e-01
1.884999999999999787e+00,1.899999999999999911e+00,1.326978481579078051e-01,4.230960601136244947e-01,4.442060917284677002e-01
2.179999999999999716e+00,1.899999999999999911e+00,1.175940097878696855e-01,4.319177971570761776e-01,4.504881930550541647e-01
2.474999999999999645e+00,1.899999999999999911e+00,1.052268104464495341e-01,4.387213673285099147e-01,4.560518222250404818e-01
2.769999999999999574e+00,1.899999999999999911e+00,9.509063032948120164e-02,4.437684044197434674e-01,4.611409652507753032e-01
3.064999999999999503e+00,1.899999999999999911e+00,8.675079515826650267e-02,4.473249814734159280e-01,4.659242233683177359e-01
3.359999999999999432e+00,1.899999999999999911e+00,7.984766205865800881e-02,4.496436252120580845e-01,4.705087127292838511e-01
3.654999999999999361e+00,1.899999999999999911e+00,7.409099329831861369e-02,4.509531340189855686e-01,4.749558726826956789e-01
3.949999999999999289e+00,1.899999999999999911e+00,6.925022058697279104e-02,4.514540340392173001e-01,4.792957453738098117e-01
4.244999999999999218e+00,1.899999999999999911e+00,6.514386263033251911e-02,4.513177686070060091e-01,4.835383687626613747e-01
4.539999999999999147e+00,1.899999999999999911e+00,6.162972206442579592e-02,4.506881424695606264e-01,4.876821354660136887e-01
4.834999999999999076e+00,1.899999999999999911e+00,5.859650260665030114e-02,4.496839650983194825e-01,4.917195322950301262e-01
5.129999999999999005e+00,1.899999999999999911e+00,5.595696249980523784e-02,4.484021897989506344e-01,4.956408477012441138e-01
5.424999999999998934e+00,1.899999999999999911e+00,5.364247710930383078e-02,4.469211119361501394e-01,4.994364109545459951e-01
5.719999999999998863e+00,1.899999999999999911e+00,5.159879519842228840e-02,4.453033778510162022e-01,5.030978269505614886e-01
6.014999999999998792e+00,1.899999999999999911e+00,4.978276211286269265e-02,4.435986814385993737e-01,5.066185564485379267e-01
6.309999999999998721e+00,1.899999999999999911e+00,4.815980532722295704e-02,4.418461041615919238e-01,5.099940905111851608e-01
