sepal length (cm),sepal width (cm),setosa,versicolor,virginica
4.299999999999999822e+00,2.000000000000000000e+00,1.482198926669869854e-01,5.013455468431197160e-01,3.504345604898932431e-01
4.479999999999999538e+00,2.000000000000000000e+00,1.109256065013060899e-01,5.149127375644296789e-01,3.741616559342642034e-01
4.659999999999999254e+00,2.000000000000000000e+00,8.340625804226826923e-02,5.227106303356751082e-01,3.938831116220565809e-01
4.839999999999998970e+00,2.000000000000000000e+00,6.340832168356427823e-02,5.264108661472648443e-01,4.101808121691709053e-01
5.019999999999998685e+00,2.000000000000000000e+00,4.896150586684244049e-02,5.273998694125342501e-01,4.236386247206233024e-01
5.199999999999998401e+00,2.000000000000000000e+00,3.851317472872767267e-02,5.267227300964726355e-01,4.347640951747996918e-01
5.379999999999998117e+00,2.000000000000000000e+00,3.091083866638102279e-02,5.251186151343769648e-01,4.439705461992420332e-01
5.559999999999997833e+00,2.000000000000000000e+00,2.532780126133570703e-02,5.230857943108399022e-01,4.515864044278244394e-01
5.739999999999997549e+00,2.000000000000000000e+00,2.118166613844466722e-02,5.209459287912701075e-01,4.578724050702852044e-01
5.919999999999997264e+00,2.000000000000000000e+00,1.806517082239846375e-02,5.188968103874830318e-01,4.630380187901183553e-01
6.099999999999996980e+00,2.000000000000000000e+00,1.569360341131455228e-02,5.170520120157899857e-01,4.672543845728955314e-01
6.279999999999996696e+00,2.000000000000000000e+00,1.386702954437989480e-02,5.154693222374931993e-01,4.706636482181269510e-01
6.459999999999996412e+00,2.000000000000000000e+00,1.244396860242831006e-02,5.141705701218362012e-01,4.733854612757354974e-01
6.639999999999996128e+00,2.000000000000000000e+00,1.132332725687588103e-02,5.131551864313659284e-01,4.755214863117581681e-01
6.819999999999995843e+00,2.000000000000000000e+00,1.043207490781007489e-02,5.124093364115981375e-01,4.771585886805917442e-01
6.999999999999995559e+00,2.000000000000000000e+00,9.716836957445518230e-03,5.119119729204434366e-01,4.783711901221111562e-01
7.179999999999995275e+00,2.000000000000000000e+00,9.138138590169380890e-03,5.116387711062787558e-01,4.792230903035518685e-01
7.359999999999994991e+00,2.000000000000000000e+00,8.666438075449645062e-03,5.115646189911707831e-01,4.797689429333795719e-01
7.539999999999994706e+00,2.000000000000000000e+00,8.279370976461541271e-03,5.116651330243321416e-01,4.800554959992064386e-01
7.719999999999994422e+00,2.000000000000000000e+00,7.959817852040911024e-03,5.119175230414183542e-01,4.801226591065407279e-01
4.299999999999999822e+00,2.120000000000000107e+00,2.025300132307965295e-01,4.703006681936902633e-01,3.271693185755132904e-01
4.479999999999999538e+00,2.120000000000000107e+00,1.521636653858527977e-01,4.915648063765135078e-01,3.562715282376337500e-01
4.659999999999999254e+00,2.120000000000000107e+00,1.138791622181435231e-01,5.053059913944976111e-01,3.808148463873587408e-01
4.839999999999998970e+00,2.120000000000000107e+00,8.558674097520292678e-02,5.132173637809878119e-01,4.011958952438092751e-01
5.019999999999998685e+00,2.120000000000000107e+00,6.501307956684357348e-02,5.169728327176599247e-01,4.180140877154965295e-01
5.199999999999998401e+00,2.120000000000000107e+00,5.014924278642886313e-02,5.179715924382469749e-01,4.318791647753241203e-01
5.379999999999998117e+00,2.120000000000000107e+00,3.940297915557355174e-02,5.172729558866161481e-01,4.433240649578102932e-01
5.559999999999997833e+00,2.120000000000000107e+00,3.158862592588039531e-02,5.156279993821234475e-01,4.527833746919960878e-01
5.739999999999997549e+00,2.120000000000000107e+00,2.585428572571671357e-02,5.135437413203201018e-01,4.606019729539631014e-01
5.919999999999997264e+00,2.120000000000000107e+00,2.159938968548917593e-02,5.113477876167181746e-01,4.670528226977925801e-01
6.099999999999996980e+00,2.120000000000000107e+00,1.840392920649809236e-02,5.092417453379640691e-01,4.723543254555379045e-01
6.279999999999996696e+00,2.120000000000000107e+00,1.597436824931243102e-02,5.073415073753094751e-01,4.766841243753780488e-01
6.459999999999996412e+00,2.120000000000000107e+00,1.410468635739203433e-02,5.057061800552345998e-01,4.801891335873733624e-01
6.639999999999996128e+00,2.120000000000000107e+00,1.264919548552878754e-02,5.043582598309475085e-01,4.829925446835236502e-01
6.819999999999995843e+00,2.120000000000000107e+00,1.150387516753814329e-02,5.032974343980655130e-01,4.851986904343963403e-01
6.999999999999995559e+00,2.120000000000000107e+00,1.059364008192908643e-02,5.025098748777917512e-01,4.868964850402792144e-01
7.179999999999995275e+00,2.120000000000000107e+00,9.863657946178940386e-03,5.019743930558162592e-01,4.881619489980046911e-01
7.359999999999994991e+00,2.120000000000000107e+00,9.273407785436357451e-03,5.016664431483227604e-01,4.890601490662409567e-01
7.539999999999994706e+00,2.120000000000000107e+00,8.792587953719132460e-03,5.015606550044602319e-01,4.896467570418206461e-01
7.719999999999994422e+00,2.120000000000000107e+00,8.398275262494848958e-03,5.016323762232235417e-01,4.899693485142816995e-01
4.299999999999999822e+00,2.240000000000000213e+00,2.724282085160589784e-01,4.303545615765442256e-01,2.972172299073967960e-01
4.479999999999999538e+00,2.240000000000000213e+00,2.076691048650668725e-01,4.604945606339131969e-01,3.318363345010199028e-01
4.659999999999999254e+00,2.240000000000000213e+00,1.561364947836436923e-01,4.819549395224065336e-01,3.619085656939498574e-01
4.839999999999998970e+00,2.240000000000000213e+00,1.168620592814351850e-01,4.958631172302945256e-01,3.872748234882701923e-01
5.019999999999998685e+00,2.240000000000000213e+00,8.779175983013075280e-02,5.038854084307483605e-01,4.083228317391208173e-01
5.199999999999998401e+00,2.240000000000000213e+00,6.663631754844062671e-02,5.076956656846749460e-01,4.256680167668845383e-01
5.379999999999998117e+00,2.240000000000000213e+00,5.134994163779713072e-02,5.087044732423425808e-01,4.399455851198603162e-01
5.559999999999997833e+00,2.240000000000000213e+00,4.030133721217868392e-02,5.079846526818808661e-01,4.517140101059404778e-01
5.739999999999997549e+00,2.240000000000000213e+00,3.227167425994512118e-02,5.062988624962839745e-01,4.614294632437708765e-01
5.919999999999997264e+00,2.240000000000000213e+00,2.638366104072068993e-02,5.041627452030132961e-01,4.694535937562660521e-01
6.099999999999996980e+00,2.240000000000000213e+00,2.201833194323289666e-02,5.019098260416510193e-01,4.760718420151161534e-01
6.279999999999996696e+00,2.240000000000000213e+00,1.874273901560434552e-02,4.997455472153686240e-01,4.815117137690270166e-01
6.459999999999996412e+00,2.240000000000000213e+00,1.625437371250326030e-02,4.977881600134907991e-01,4.859574662740058781e-01
6.639999999999996128e+00,2.240000000000000213e+00,1.434102182340821381e-02,4.960981324864380260e-01,4.895608456901536787e-01
6.819999999999995843e+00,2.240000000000000213e+00,1.285271203877318656e-02,4.946986718316132015e-01,4.924486161296134923e-01
6.999999999999995559e+00,2.240000000000000213e+00,1.168244413224135692e-02,4.935897627302650581e-01,4.947277931374937099e-01
7.179999999999995275e+00,2.240000000000000213e+00,1.075304178526116476e-02,4.927576179244549381e-01,4.964893402902839092e-01
7.359999999999994991e+00,2.240000000000000213e+00,1.000819005502816446e-02,4.921809394096307022e-01,4.978108705353410102e-01
7.539999999999994706e+00,2.240000000000000213e+00,9.406304574926718093e-03,4.918349875320688347e-01,4.987587078930044160e-01
7.719999999999994422e+00,2.240000000000000213e+00,8.916311841611899644e-03,4.916941572225287382e-01,4.993895309358593604e-01
4.299999999999999822e+00,2.360000000000000320e+00,3.566356694022840279e-01,3.819452200507569839e-01,2.614191105469588772e-01
4.479999999999999538e+00,2.360000000000000320e+00,2.787649340428741129e-01,4.206303685000953307e-01,3.006046974570305563e-01
4.659999999999999254e+00,2.360000000000000320e+00,2.128162111492728492e-01,4.509031315639807636e-01,3.362806572867463317e-01
4.839999999999998970e+00,2.360000000000000320e+00,1.601319170462110753e-01,4.725460322521238821e-01,3.673220507016650149e-01
5.019999999999998685e+00,2.360000000000000320e+00,1.198700358861999743e-01,4.866148624798061206e-01,3.935151016339940577e-01
5.199999999999998401e+00,2.360000000000000320e+00,9.001852424801078112e-02,4.947460883516978103e-01,4.152353874002913114e-01
5.379999999999998117e+00,2.360000000000000320e+00,6.827616683517001572e-02,4.986112222870811572e-01,4.331126108777488826e-01
5.559999999999997833e+00,2.360000000000000320e+00,5.256229520206582434e-02,4.996308611749950557e-01,4.478068436229391547e-01
5.739999999999997549e+00,2.360000000000000320e+00,4.120728379757011145e-02,4.988906190642486971e-01,4.599020971381811429e-01
5.919999999999997264e+00,2.360000000000000320e+00,3.295923098185392364e-02,4.971644118179376903e-01,4.698763572002083722e-01
6.099999999999996980e+00,2.360000000000000320e+00,2.691531057799103482e-02,4.949763875309857730e-01,4.781083018910231575e-01
6.279999999999996696e+00,2.360000000000000320e+00,2.243796670053316289e-02,4.926659725735506590e-01,4.848960607259161226e-01
6.459999999999996412e+00,2.360000000000000320e+00,1.908113637778913879e-02,4.904424710669123555e-01,4.904763925552984571e-01
6.639999999999996128e+00,2.360000000000000320e+00,1.653320033844981468e-02,4.884265369000937995e-01,4.950402627614562401e-01
6.819999999999995843e+00,2.360000000000000320e+00,1.457564895973208902e-02,4.866800482383679682e-01,4.987443028019000191e-01
6.999999999999995559e+00,2.360000000000000320e+00,1.305415549138532610e-02,4.852269695435763031e-01,5.017188749650384194e-01
7.179999999999995275e+00,2.360000000000000320e+00,1.185868964404862905e-02,4.840676246239074554e-01,5.040736857320439190e-01
7.359999999999994991e+00,2.360000000000000320e+00,1.090994935519520870e-02,4.831883048372363487e-01,5.059017458075684148e-01
7.539999999999994706e+00,2.360000000000000320e+00,1.015011309316179305e-02,4.825676342989608791e-01,5.072822526078772931e-01
7.719999999999994422e+00,2.360000000000000320e+00,9.536516610271576419e-03,4.821807067380528000e-01,5.082827766516756496e-01
4.299999999999999822e+00,2.480000000000000426e+00,4.501941658059764317e-01,3.277237017323277324e-01,2.220821324616957526e-01
4.479999999999999538e+00,2.480000000000000426e+00,3.638970341498008465e-01,3.725402309589016525e-01,2.635627348912974455e-01
4.659999999999999254e+00,2.480000000000000426e+00,2.850648436325715629e-01,4.111684124037643939e-01,3.037667439636640432e-01
4.839999999999998970e+00,2.480000000000000426e+00,2.179627188724522491e-01,4.415520941650380449e-01,3.404851869625096783e-01
5.019999999999998685e+00,2.480000000000000426e+00,1.641440185616302727e-01,4.633648644161857399e-01,3.724911170221840151e-01
5.199999999999998401e+00,2.480000000000000426e+00,1.228992479546890948e-01,4.775887727780673275e-01,3.995119792672436332e-01
5.379999999999998117e+00,2.480000000000000426e+00,9.226457891010671208e-02,4.858275886391691389e-01,4.219078324507242184e-01
5.559999999999997833e+00,2.480000000000000426e+00,6.993103516866765179e-02,4.897482562525017902e-01,4.403207085788305442e-01
5.739999999999997549e+00,2.480000000000000426e+00,5.378522742925545552e-02,4.907800207753040822e-01,4.554347517954404068e-01
5.919999999999997264e+00,2.480000000000000426e+00,4.212004848473158841e-02,4.900205780643830389e-01,4.678593734508854074e-01
6.099999999999996980e+00,2.480000000000000426e+00,3.365070857949051947e-02,4.882547839462825223e-01,4.780945074742269374e-01
6.279999999999996696e+00,2.480000000000000426e+00,2.744875917838931340e-02,4.860151828567847443e-01,4.865360579648260742e-01
6.459999999999996412e+00,2.480000000000000426e+00,2.285789028691525074e-02,4.836470935497507728e-01,4.934950161633339660e-01
6.639999999999996128e+00,2.480000000000000426e+00,1.941876490121594370e-02,4.813637171473342247e-01,4.992175179514498073e-01
6.819999999999995843e+00,2.480000000000000426e+00,1.681052416557140758e-02,4.792881609510246110e-01,5.039013148834039502e-01
6.999999999999995559e+00,2.480000000000000426e+00,1.480826673315668515e-02,4.774837665055199354e-01,5.077079667613233482e-01
7.179999999999995275e+00,2.480000000000000426e+00,1.325324137261358302e-02,4.759753053952395785e-01,5.107714532321467882e-01
7.359999999999994991e+00,2.480000000000000426e+00,1.203233933385480965e-02,4.747634847899196986e-01,5.132041758762254657e-01
7.539999999999994706e+00,2.480000000000000426e+00,1.106409926908832365e-02,4.738347128024310018e-01,5.151011879284806971e-01
7.719999999999994422e+00,2.480000000000000426e+00,1.028916992607108172e-02,4.731675680346613122e-01,5.165432620392677032e-01
4.299999999999999822e+00,2.600000000000000533e+00,5.453143106214021207e-01,2.721350142090595003e-01,1.825506751695383512e-01
4.479999999999999538e+00,2.600000000000000533e+00,4.578308926597836614e-01,3.189840843509707535e-01,2.231850229892455850e-01
4.659999999999999254e+00,2.600000000000000533e+00,3.710535486736379340e-01,3.634443389585849116e-01,2.655021123677771544e-01
4.839999999999998970e+00,2.600000000000000533e+00,2.913177431484295643e-01,4.019888493347273939e-01,3.066934075168429863e-01
5.019999999999998685e+00,2.600000000000000533e+00,2.231008523152962775e-01,4.324635041445229477e-01,3.444356435401809136e-01
5.199999999999998401e+00,2.600000000000000533e+00,1.681674820241377821e-01,4.544346758855754564e-01,3.773978420902867059e-01
5.379999999999998117e+00,2.600000000000000533e+00,1.259463025237500811e-01,4.688089294136659202e-01,4.052447680625840265e-01
5.559999999999997833e+00,2.600000000000000533e+00,9.452782718717062105e-02,4.771546727591929882e-01,4.283175000536363353e-01
5.739999999999997549e+00,2.600000000000000533e+00,7.159962362082379628e-02,4.811321204649411376e-01,4.472682559142350245e-01
5.919999999999997264e+00,2.600000000000000533e+00,5.501790550085353809e-02,4.821778231019585581e-01,4.628042713971878275e-01
6.099999999999996980e+00,2.600000000000000533e+00,4.303906430512963871e-02,4.814008591202577070e-01,4.755600765746127445e-01
6.279999999999996696e+00,2.600000000000000533e+00,3.434569121495206767e-02,4.795967183728093719e-01,4.860575904122385604e-01
6.459999999999996412e+00,2.600000000000000533e+00,2.798367805297200667e-02,4.773062444659171843e-01,4.947100774811107882e-01
6.639999999999996128e+00,2.600000000000000533e+00,2.327782535500672739e-02,4.748806510640762313e-01,5.018415235809170483e-01
6.819999999999995843e+00,2.600000000000000533e+00,1.975537867686725721e-02,4.725370808403915879e-01,5.077075404827411376e-01
6.999999999999995559e+00,2.600000000000000533e+00,1.708611919692216985e-02,4.704011526347522398e-01,5.125127281683256042e-01
7.179999999999995275e+00,2.600000000000000533e+00,1.503866215696615487e-02,4.685377298911639898e-01,5.164236079518698119e-01
7.359999999999994991e+00,2.600000000000000533e+00,1.344976536598772865e-02,4.669724446773225734e-01,5.195777899566897950e-01
7.539999999999994706e+00,2.600000000000000533e+00,1.220319467204307104e-02,4.657064338733469810e-01,5.220903714546099028e-01
7.719999999999994422e+00,2.600000000000000533e+00,1.121529675952913363e-02,4.647262615589831114e-01,5.240584416814877411e-01
4.299999999999999822e+00,2.720000000000000639e+00,6.339595846834470416e-01,2.199228712823198539e-01,1.461175440342330767e-01
4.479999999999999538e+00,2.720000000000000639e+00,5.526610314005001579e-01,2.644115694875308065e-01,1.829273991119690079e-01
4.659999999999999254e+00,2.720000000000000639e+00,4.652866564588763465e-01,3.105888111265993623e-01,2.241245324145241802e-01
4.839999999999998970e+00,2.720000000000000639e+00,3.780954516374445129e-01,3.546707192191203006e-01,2.672338291434351309e-01
5.019999999999998685e+00,2.720000000000000639e+00,2.975146779520501106e-01,3.931080041807904490e-01,3.093773178671594404e-01
5.199999999999998401e+00,2.720000000000000639e+00,2.282237022410578409e-01,4.236556741537422788e-01,3.481206236051998526e-01
5.379999999999998117e+00,2.720000000000000639e+00,1.721976101695188999e-01,4.457750381733665002e-01,3.820273516571146000e-01
5.559999999999997833e+00,2.720000000000000639e+00,1.290082743243771146e-01,4.602957917510638874e-01,4.106959339245590535e-01
5.739999999999997549e+00,2.720000000000000639e+00,9.680654201745203524e-02,4.687485047602112376e-01,4.344449532223366162e-01
5.919999999999997264e+00,2.720000000000000639e+00,7.328093354889762823e-02,4.727845747714691238e-01,4.539344916796332896e-01
6.099999999999996980e+00,2.720000000000000639e+00,5.625974418378448805e-02,4.738465427700506716e-01,4.698937130461648404e-01
6.279999999999996696e+00,2.720000000000000639e+00,4.396397037802145247e-02,4.730541864860423051e-01,4.829818431359361730e-01
6.459999999999996412e+00,2.720000000000000639e+00,3.504393620523509750e-02,4.712133383852104562e-01,4.937427254095544393e-01
6.639999999999996128e+00,2.720000000000000639e+00,2.851988550172391418e-02,4.688730582196368180e-01,5.026070562786393303e-01
6.819999999999995843e+00,2.720000000000000639e+00,2.369762110228018637e-02,4.663904697556138235e-01,5.099119091421060457e-01
6.999999999999995559e+00,2.720000000000000639e+00,2.009084218707739636e-02,4.639867121340655043e-01,5.159224456788570334e-01
7.179999999999995275e+00,2.720000000000000639e+00,1.735985712367940290e-02,4.617899817249587202e-01,5.208501611513618457e-01
7.359999999999994991e+00,2.720000000000000639e+00,1.526670991896939347e-02,4.598667279580917477e-01,5.248665621229388067e-01
7.539999999999994706e+00,2.720000000000000639e+00,1.364360290466288400e-02,4.582435003939716034e-01,5.281128967013655195e-01
7.719999999999994422e+00,2.720000000000000639e+00,1.237113057528609061e-02,4.569219141216083746e-01,5.307069553031055209e-01
4.299999999999999822e+00,2.840000000000000746e+00,7.104933021230148693e-01,1.745249518840649439e-01,1.149817459929201036e-01
4.479999999999999538e+00,2.840000000000000746e+00,6.404694975664861900e-01,2.134419832164153041e-01,1.460885192170985891e-01
4.659999999999999254e+00,2.840000000000000746e+00,5.597668948635746711e-01,2.570438051921729583e-01,1.831892999442523984e-01
4.839999999999998970e+00,2.840000000000000746e+00,4.725550939301758069e-01,3.025430575509600595e-01,2.249018485188640504e-01
5.019999999999998685e+00,2.840000000000000746e+00,3.850146374877748690e-01,3.462288196819936492e-01,2.687565428302315373e-01
5.199999999999998401e+00,2.840000000000000746e+00,3.036479204355535533e-01,3.845384417133038135e-01,3.118136378511427442e-01
5.379999999999998117e+00,2.840000000000000746e+00,2.333252273955263301e-01,4.151431864458250409e-01,3.515315861586487123e-01
5.559999999999997833e+00,2.840000000000000746e+00,1.762303286717954165e-01,4.374018258326156094e-01,3.863678454955888353e-01
5.739999999999997549e+00,2.840000000000000746e+00,1.320827066269280869e-01,4.520661402739349910e-01,4.158511530991369498e-01
5.919999999999997264e+00,2.840000000000000746e+00,9.909936483446268873e-02,4.606265728636542711e-01,4.402740623018830957e-01
6.099999999999996980e+00,2.840000000000000746e+00,7.497426437895232665e-02,4.647236960284849006e-01,4.603020395925628283e-01
6.279999999999996696e+00,2.840000000000000746e+00,5.751040304253211138e-02,4.658047582077086135e-01,4.766848387497591433e-01
6.459999999999996412e+00,2.840000000000000746e+00,4.489460887630523922e-02,4.649995719202331679e-01,4.901058192034615235e-01
6.639999999999996128e+00,2.840000000000000746e+00,3.574537091668415767e-02,4.631240373407117805e-01,5.011305917426041034e-01
6.819999999999995843e+00,2.840000000000000746e+00,2.905734383432406406e-02,4.607353628482989683e-01,5.102072933173770197e-01
6.999999999999995559e+00,2.840000000000000746e+00,2.411725027591385753e-02,4.581966110919208912e-01,5.176861386321652825e-01
7.179999999999995275e+00,2.840000000000000746e+00,2.042512742951994170e-02,4.557329835781878113e-01,5.238418889922921151e-01
7.359999999999994991e+00,2.840000000000000746e+00,1.763170458896942336e-02,4.534753284559327469e-01,5.288929669550977986e-01
7.539999999999994706e+00,2.840000000000000746e+00,1.549236979639321415e-02,4.514917510274721324e-01,5.330158791761346881e-01
7.719999999999994422e+00,2.840000000000000746e+00,1.383470674233640632e-02,4.498097791279083157e-01,5.363555141297552398e-01
4.299999999999999822e+00,2.960000000000000853e+00,7.727158880358278026e-01,1.373844786350327252e-01,8.989963332913943062e-02
4.479999999999999538e+00,2.960000000000000853e+00,7.158852015623619058e-01,1.693257079523201869e-01,1.147890904853178101e-01
4.659999999999999254e+00,2.960000000000000853e+00,6.467123784042374535e-01,2.072995320740373126e-01,1.459880895217252061e-01
4.839999999999998970e+00,2.960000000000000853e+00,5.666311047885355112e-01,2.500292504132758387e-01,1.833396447981886779e-01
5.019999999999998685e+00,2.960000000000000853e+00,4.796317007078986228e-01,2.948487452113709439e-01,2.255195540807304055e-01
5.199999999999998401e+00,2.960000000000000853e+00,3.918045709551941091e-01,3.381245791188310368e-01,2.700708499259749096e-01
5.379999999999998117e+00,2.960000000000000853e+00,3.097109274985446192e-01,3.762891189445600748e-01,3.139999535568953060e-01
5.559999999999997833e+00,2.960000000000000853e+00,2.384002319527515068e-01,4.069369925532229648e-01,3.546627754940255839e-01
5.739999999999997549e+00,2.960000000000000853e+00,1.802621705714235467e-01,4.293272780169516967e-01,3.904105514116248399e-01
5.919999999999997264e+00,2.960000000000000853e+00,1.351675980706542324e-01,4.441331117525839089e-01,4.206992901767620530e-01
6.099999999999996980e+00,2.960000000000000853e+00,1.014052938525299291e-01,4.528027066670529122e-01,4.457919994804171449e-01
6.279999999999996696e+00,2.960000000000000853e+00,7.667920325434690598e-02,4.569638830873291035e-01,4.663569136583239350e-01
6.459999999999996412e+00,2.960000000000000853e+00,5.876977735775477940e-02,4.580673481344413878e-01,4.831628745078037079e-01
6.639999999999996128e+00,2.960000000000000853e+00,4.583101704028384737e-02,4.572523048663371115e-01,4.969166780933789163e-01
6.819999999999995843e+00,2.960000000000000853e+00,3.645008568122938553e-02,4.553444636928921097e-01,5.082054506258785187e-01
6.999999999999995559e+00,2.960000000000000853e+00,2.959615302083111812e-02,4.529091302422162957e-01,5.174947167369526868e-01
7.179999999999995275e+00,2.960000000000000853e+00,2.453680342530288258e-02,4.503153488692210327e-01,5.251478477054760674e-01
7.359999999999994991e+00,2.960000000000000853e+00,2.075830867038324853e-02,4.477924606478212999e-01,5.314492306817955036e-01
7.539999999999994706e+00,2.960000000000000853e+00,1.790171836457373974e-02,4.454740482368947929e-01,5.366242333985316026e-01
7.719999999999994422e+00,2.960000000000000853e+00,1.571568219643426981e-02,4.434299486502281673e-01,5.408543691533375108e-01
4.299999999999999822e+00,3.080000000000000959e+00,8.212113522001694976e-01,1.082782424755010103e-01,7.051040532432939489e-02
4.479999999999999538e+00,3.080000000000000959e+00,7.769670337040991415e-01,1.333488840115444607e-01,8.968408228435631457e-02
4.659999999999999254e+00,3.080000000000000959e+00,7.210181124707166767e-01,1.644254148156602535e-01,1.145564727136231531e-01
4.839999999999998970e+00,3.080000000000000959e+00,6.526929594886626829e-01,2.014874000447440805e-01,1.458196404665932921e-01
5.019999999999998685e+00,3.080000000000000959e+00,5.732545353698141888e-01,2.433629852700359419e-01,1.833824793601497583e-01
5.199999999999998401e+00,3.080000000000000959e+00,4.865136582570109836e-01,2.875048647852039285e-01,2.259814769577850602e-01
5.379999999999998117e+00,3.080000000000000959e+00,3.984601755182455296e-01,3.303606998263795003e-01,2.711791246553749701e-01
5.559999999999997833e+00,3.080000000000000959e+00,3.156982737947954809e-01,3.683656036941057033e-01,3.159361225110988713e-01
5.739999999999997549e+00,3.080000000000000959e+00,2.434443230226161214e-01,3.990445863449783026e-01,3.575110906324056037e-01
5.919999999999997264e+00,3.080000000000000959e+00,1.842902451797984731e-01,4.215601377783828596e-01,3.941496170418185563e-01
6.099999999999996980e+00,3.080000000000000959e+00,1.382613776455329235e-01,4.365063149684059174e-01,4.252323073860612146e-01
6.279999999999996696e+00,3.080000000000000959e+00,1.037236633573403455e-01,4.452871769415653880e-01,4.509891597010943221e-01
6.459999999999996412e+00,3.080000000000000959e+00,7.839560783933770260e-02,4.495159460273638330e-01,4.720884461332984783e-01
6.639999999999996128e+00,3.080000000000000959e+00,6.003798378994985863e-02,4.506455737542396367e-01,4.893164424558105186e-01
6.819999999999995843e+00,3.080000000000000959e+00,4.677341509588915647e-02,4.498240297253823239e-01,5.034025551787285613e-01
6.999999999999995559e+00,3.080000000000000959e+00,3.715832345583173352e-02,4.478865944426981271e-01,5.149550821014701185e-01
7.179999999999995275e+00,3.080000000000000959e+00,3.013654169120008955e-02,4.454066354764181224e-01,5.244568228323818193e-01
7.359999999999994991e+00,3.080000000000000959e+00,2.495648094200019276e-02,4.427592357444047888e-01,5.322842833135950080e-01
7.539999999999994706e+00,3.080000000000000959e+00,2.109055530455661645e-02,4.401779644294900873e-01,5.387314802659532997e-01
7.719999999999994422e+00,3.080000000000000959e+00,1.817003886923990175e-02,4.377992299747985872e-01,5.440307311559614556e-01
4.299999999999999822e+00,3.200000000000001066e+00,8.580384645692711310e-01,8.606856894784180312e-02,5.589296648288706593e-02
4.479999999999999538e+00,3.200000000000001066e+00,8.244591563307865911e-01,1.052075113129508077e-01,7.033333235626265667e-02
4.659999999999999254e+00,3.200000000000001066e+00,7.809895056078010045e-01,1.295625487366725004e-01,8.944794565552634247e-02
4.839999999999998970e+00,3.200000000000001066e+00,7.259004149195273925e-01,1.598130869349211891e-01,1.142864981455514045e-01
5.019999999999998685e+00,3.200000000000001066e+00,6.584171333773490842e-01,1.959959449275702204e-01,1.455869216950806955e-01
5.199999999999998401e+00,3.200000000000001066e+00,5.796394984585858667e-01,2.370379962375620542e-01,1.833225053038521346e-01
5.379999999999998117e+00,3.200000000000001066e+00,4.931996478518565485e-01,2.805078214080489185e-01,2.262925307400945885e-01
5.559999999999997833e+00,3.200000000000001066e+00,4.049777037141557567e-01,3.229369587054891633e-01,2.720853375803550245e-01
5.739999999999997549e+00,3.200000000000001066e+00,3.216055667914717309e-01,3.607703435876525866e-01,3.176240896208756825e-01
5.919999999999997264e+00,3.200000000000001066e+00,2.484538526599039121e-01,3.914702355489833585e-01,3.600759117911128127e-01
6.099999999999996980e+00,3.200000000000001066e+00,1.883121947134445695e-01,4.141058549915063169e-01,3.975819502950491691e-01
6.279999999999996696e+00,3.200000000000001066e+00,1.413628702451875108e-01,4.291920134689089505e-01,4.294451162859035942e-01
6.459999999999996412e+00,3.200000000000001066e+00,1.060541158375844090e-01,4.380868648568433943e-01,4.558590193055722106e-01
6.639999999999996128e+00,3.200000000000001066e+00,8.012358370506011962e-02,4.423872666558549271e-01,4.774891496390850087e-01
6.819999999999995843e+00,3.200000000000001066e+00,6.131534192523583476e-02,4.435472337559606126e-01,4.951374243188035318e-01
6.999999999999995559e+00,3.200000000000001066e+00,4.772219100498455158e-02,4.427228973223261144e-01,5.095549116726892924e-01
7.179999999999995275e+00,3.200000000000001066e+00,3.787046699874492550e-02,4.407588840974449029e-01,5.213706489038102410e-01
7.359999999999994991e+00,3.200000000000001066e+00,3.067885614193496119e-02,4.382366036310951229e-01,5.310845402269699367e-01
7.539999999999994706e+00,3.200000000000001066e+00,2.537658345767541956e-02,4.355372478502010924e-01,5.390861686921234464e-01
7.719999999999994422e+00,3.200000000000001066e+00,2.142212332575531633e-02,4.328987136921330081e-01,5.456791629821117207e-01
4.299999999999999822e+00,3.320000000000001172e+00,8.856449871904436000e-01,6.934911578486113726e-02,4.500589702469531828e-02
4.479999999999999538e+00,3.320000000000001172e+00,8.604791309995341031e-01,8.375102770799164320e-02,5.576984129247412880e-02
4.659999999999999254e+00,3.320000000000001172e+00,8.275170321732339129e-01,1.023367339857533809e-01,7.014623384101274783e-02
4.839999999999998970e+00,3.320000000000001172e+00,7.847930407741638970e-01,1.260140132116649159e-01,8.919294601417111779e-02
5.019999999999998685e+00,3.320000000000001172e+00,7.305410669754137665e-01,1.554770097785662386e-01,1.139819232460200782e-01
5.199999999999998401e+00,3.320000000000001172e+00,6.638917182499732839e-01,1.908143154250878659e-01,1.452939663249389057e-01
5.379999999999998117e+00,3.320000000000001172e+00,5.857895158414809789e-01,2.310455250749956502e-01,1.831649590835233987e-01
5.559999999999997833e+00,3.320000000000001172e+00,4.996896598152685831e-01,2.738517884513300693e-01,2.264585517334013198e-01
5.739999999999997549e+00,3.320000000000001172e+00,4.113545966342738169e-01,3.158505414777069142e-01,2.727948618880191578e-01
5.919999999999997264e+00,3.320000000000001172e+00,3.274293495098606899e-01,3.535029700237158345e-01,3.190676804664234756e-01
6.099999999999996980e+00,3.320000000000001172e+00,2.534258488219920946e-01,3.842152565829572430e-01,3.623588945950506068e-01
6.279999999999996696e+00,3.320000000000001172e+00,1.923261419775859349e-01,4.069668381606149632e-01,4.007070198617990742e-01
6.459999999999996412e+00,3.320000000000001172e+00,1.444712552776807046e-01,4.221933609294852840e-01,4.333353837928339281e-01
6.639999999999996128e+00,3.320000000000001172e+00,1.083965688441411723e-01,4.312054863888399314e-01,4.603979447670188963e-01
6.819999999999995843e+00,3.320000000000001172e+00,8.186345775579310924e-02,4.355820160888409509e-01,4.825545261553658705e-01
6.999999999999995559e+00,3.320000000000001172e+00,6.260235285519964721e-02,4.367768779109344468e-01,5.006207692338658921e-01
7.179999999999995275e+00,3.320000000000001172e+00,4.867788297939381476e-02,4.359537762847413012e-01,5.153683407358647939e-01
7.359999999999994991e+00,3.320000000000001172e+00,3.858702433342723476e-02,4.339664747642367204e-01,5.274465009023361350e-01
7.539999999999994706e+00,3.320000000000001172e+00,3.122354800149780910e-02,4.314044189401535223e-01,5.373720330583486859e-01
7.719999999999994422e+00,3.320000000000001172e+00,2.579750116201004820e-02,4.286549929416572091e-01,5.455475058963327184e-01
4.299999999999999822e+00,3.440000000000001279e+00,9.062694041215302310e-01,5.681130190082153697e-02,3.691929397764825982e-02
4.479999999999999538e+00,3.440000000000001279e+00,8.874698822767292938e-01,6.759832836164812730e-02,4.493178936162266213e-02
4.659999999999999254e+00,3.440000000000001279e+00,8.627675891099152450e-01,8.159049193403369871e-02,5.564191895605111182e-02
4.839999999999998970e+00,3.440000000000001279e+00,8.303944075779809975e-01,9.965542332287478933e-02,6.995016909914421321e-02
5.019999999999998685e+00,3.440000000000001279e+00,7.883875017454935463e-01,1.226916285331996204e-01,8.892086972130690270e-02
5.199999999999998401e+00,3.440000000000001279e+00,7.349494152434064009e-01,1.514049759683252783e-01,1.136456087882681820e-01
5.379999999999998117e+00,3.440000000000001279e+00,6.691242422638378207e-01,1.859307429862704364e-01,1.449450147498918262e-01
5.559999999999997833e+00,3.440000000000001279e+00,5.917091026566473344e-01,2.253754022615770958e-01,1.829154950817755976e-01
5.739999999999997549e+00,3.440000000000001279e+00,5.059848049008197624e-01,2.675290578574730516e-01,2.264861372417072416e-01
5.919999999999997264e+00,3.440000000000001279e+00,4.175893390876224132e-01,3.090963864253909454e-01,2.733142744869867524e-01
6.099999999999996980e+00,3.440000000000001279e+00,3.331669963396781675e-01,3.465606227281300966e-01,3.202723809321918469e-01
6.279999999999996696e+00,3.440000000000001279e+00,2.583579394730754486e-01,3.772783181542264663e-01,3.643637423726981961e-01
6.459999999999996412e+00,3.440000000000001279e+00,1.963306322831763207e-01,4.001427406375122620e-01,4.035266270793114174e-01
6.639999999999996128e+00,3.440000000000001279e+00,1.475860207348822228e-01,4.155106747335184925e-01,4.369033045315993680e-01
6.819999999999995843e+00,3.440000000000001279e+00,1.107511783967187330e-01,4.246438575437691543e-01,4.646049640595121266e-01
6.999999999999995559e+00,3.440000000000001279e+00,8.361574909460019189e-02,4.291014149972749991e-01,4.872828359081248784e-01
7.179999999999995275e+00,3.440000000000001279e+00,6.389967588804468246e-02,4.303360647502405545e-01,5.057642593617147631e-01
7.359999999999994991e+00,3.440000000000001279e+00,4.964116063903725729e-02,4.295185096832829230e-01,5.208403296776797919e-01
7.539999999999994706e+00,3.440000000000001279e+00,3.930861322321387019e-02,4.275114525811297694e-01,5.331799341956563465e-01
7.719999999999994422e+00,3.440000000000001279e+00,3.177116116200256329e-02,4.249123813243737002e-01,5.433164575136236740e-01
4.299999999999999822e+00,3.560000000000001386e+00,9.217252766467231018e-01,4.738353217331814360e-02,3.089119117995859851e-02
4.479999999999999538e+00,3.560000000000001386e+00,9.076380932854306582e-01,5.547881141259780602e-02,3.688309530197155656e-02
4.659999999999999254e+00,3.560000000000001386e+00,8.891748825028371606e-01,6.596985251175382925e-02,4.485526498540896856e-02
4.839999999999998970e+00,3.560000000000001386e+00,8.649121264815479160e-01,7.957803037582678041e-02,5.550984314262523422e-02
5.019999999999998685e+00,3.560000000000001386e+00,8.331005695443891579e-01,9.715319925394133582e-02,6.974623120166960344e-02
5.199999999999998401e+00,3.560000000000001386e+00,7.917827473153740137e-01,1.195837118890096945e-01,8.863354079561637511e-02
5.379999999999998117e+00,3.560000000000001386e+00,7.391350293896925550e-01,1.475844936460653789e-01,1.132804769642419551e-01
5.559999999999997833e+00,3.560000000000001386e+00,6.741227496411035247e-01,1.813328062714982536e-01,1.445444440873981384e-01
5.739999999999997549e+00,3.560000000000001386e+00,5.974035663954547770e-01,2.200163581519057332e-01,1.825800754526396286e-01
5.919999999999997264e+00,3.560000000000001386e+00,5.120871332805893017e-01,2.615303774769737188e-01,2.263824892424370905e-01
6.099999999999996980e+00,3.560000000000001386e+00,4.236813158764213827e-01,3.026675260630239395e-01,2.736511580605546223e-01
6.279999999999996696e+00,3.560000000000001386e+00,3.388166066344310834e-01,3.399382821482059280e-01,3.212451112173629886e-01
6.459999999999996412e+00,3.560000000000001386e+00,2.632482735957182296e-01,3.706557603533319201e-01,3.660959660509498503e-01
6.639999999999996128e+00,3.560000000000001386e+00,2.003245724931189964e-01,3.936307677606260547e-01,4.060446597462549767e-01
6.819999999999995843e+00,3.560000000000001386e+00,1.507069149171148537e-01,4.091417341701866772e-01,4.401513509126984691e-01
6.999999999999995559e+00,3.560000000000001386e+00,1.131183006018717796e-01,4.184001866914944245e-01,4.684815127066337404e-01
7.179999999999995275e+00,3.560000000000001386e+00,8.538113860065887906e-02,4.229440226801003400e-01,4.916748387192407810e-01
7.359999999999994991e+00,3.560000000000001386e+00,6.520810438123410269e-02,4.242236493261118402e-01,5.105682462926540710e-01
7.539999999999994706e+00,3.560000000000001386e+00,5.061280560221212421e-02,4.234162027649428506e-01,5.259709916328449975e-01
7.719999999999994422e+00,3.560000000000001386e+00,4.003594529914338701e-02,4.213931361368989381e-01,5.385709185639577790e-01
4.299999999999999822e+00,3.680000000000001492e+00,9.333911714050977526e-01,4.024501339925706800e-02,2.636381519564512388e-02
4.479999999999999538e+00,3.680000000000001492e+00,9.227605361059542100e-01,4.635759093904918970e-02,3.088187295499665586e-02
4.659999999999999254e+00,3.680000000000001492e+00,9.089127689558071932e-01,5.424176389559190459e-02,3.684546714860096467e-02
4.839999999999998970e+00,3.680000000000001492e+00,8.907669057311659033e-01,6.445636395816121966e-02,4.477673031067284926e-02
5.019999999999998685e+00,3.680000000000001492e+00,8.669207716290592280e-01,7.770494716845179062e-02,5.537428120248899521e-02
5.199999999999998401e+00,3.680000000000001492e+00,8.356445866162242053e-01,9.481988177254216388e-02,6.953553161123350590e-02
5.379999999999998117e+00,3.680000000000001492e+00,7.949885251021703292e-01,1.166786776722658348e-01,8.833279722556372504e-02
5.559999999999997833e+00,3.680000000000001492e+00,7.431075605912922377e-01,1.440029667182218254e-01,1.128894726904859092e-01
5.739999999999997549e+00,3.680000000000001492e+00,6.788956298332515793e-01,1.770076660811190361e-01,1.440967040856292736e-01
5.919999999999997264e+00,3.680000000000001492e+00,6.028788244205038893e-01,2.149563072067032510e-01,1.821648683727929152e-01
6.099999999999996980e+00,3.680000000000001492e+00,5.179994651978404585e-01,2.558452681474206458e-01,2.261552666547388957e-01
6.279999999999996696e+00,3.680000000000001492e+00,4.296306735130170917e-01,2.965554173463296750e-01,2.738139091406531778e-01
6.459999999999996412e+00,3.680000000000001492e+00,3.443768999937426023e-01,3.336290988971360449e-01,3.219940011091213528e-01
6.639999999999996128e+00,3.680000000000001492e+00,2.680954423145312515e-01,3.643419176651004343e-01,3.675626400203682587e-01
6.819999999999995843e+00,3.680000000000001492e+00,2.043071697035436785e-01,3.874259929124113100e-01,4.082668373840449005e-01
6.999999999999995559e+00,3.680000000000001492e+00,1.538338977259520735e-01,4.030820909872955271e-01,4.430840112867525105e-01
7.179999999999995275e+00,3.680000000000001492e+00,1.154984529298691276e-01,4.124703815450558309e-01,4.720311655250751248e-01
7.359999999999994991e+00,3.680000000000001492e+00,8.716043831845024514e-02,4.171060423125296235e-01,4.957335193690200481e-01
7.539999999999994706e+00,3.680000000000001492e+00,6.652854154449733270e-02,4.184360882150773286e-01,5.150353702404253387e-01
7.719999999999994422e+00,3.680000000000001492e+00,5.159369217735555041e-02,4.176435287425433462e-01,5.307627790801011658e-01
4.299999999999999822e+00,3.800000000000001599e+00,9.422803732760476336e-01,3.478893423847935484e-02,2.293069248547305664e-02
4.479999999999999538e+00,3.800000000000001599e+00,9.341835142417693749e-01,3.944401360133728551e-02,2.637247215689325283e-02
4.659999999999999254e+00,3.800000000000001599e+00,9.237218062712720945e-01,4.540671504857524132e-02,3.087147868015260518e-02
4.839999999999998970e+00,3.800000000000001599e+00,9.100990623588699480e-01,5.309425143300777056e-02,3.680668620812228148e-02
5.019999999999998685e+00,3.800000000000001599e+00,8.922525814371421449e-01,6.305080778126431751e-02,4.469661078159336415e-02
5.199999999999998401e+00,3.800000000000001599e+00,8.688012521526766729e-01,7.596283355925775860e-02,5.523591428806556153e-02
5.379999999999998117e+00,3.800000000000001599e+00,8.380352481020545419e-01,9.264556561052361694e-02,6.931918628742173016e-02
5.559999999999997833e+00,3.800000000000001599e+00,7.980143844892370053e-01,1.139651456455448297e-01,8.802046986521813721e-02
5.739999999999997549e+00,3.800000000000001599e+00,7.468766230177854570e-01,1.406478476604253181e-01,1.124755293217891833e-01
5.919999999999997264e+00,3.800000000000001599e+00,6.834514699711133900e-01,1.729422700631328136e-01,1.436062599657537964e-01
6.099999999999996980e+00,3.800000000000001599e+00,6.081412416081362071e-01,2.101826025511555618e-01,1.816761558407082033e-01
6.279999999999996696e+00,3.800000000000001599e+00,5.237252360435006304e-01,2.504623154104900218e-01,2.258124485460092923e-01
6.459999999999996412e+00,3.800000000000001599e+00,4.354381906078558795e-01,2.907502532267643436e-01,2.738115561653798324e-01
6.639999999999996128e+00,3.800000000000001599e+00,3.498471162987643046e-01,3.276247115521031539e-01,3.225281721491324860e-01
6.819999999999995843e+00,3.800000000000001599e+00,2.728984027246139088e-01,3.583294362538345657e-01,3.687721610215514700e-01
6.999999999999995559e+00,3.800000000000001599e+00,2.082778716222852267e-01,3.815216722820354289e-01,4.102004560956793444e-01
7.179999999999995275e+00,3.800000000000001599e+00,1.569670931104153178e-01,3.973253817246706343e-01,4.457075251649140202e-01
7.359999999999994991e+00,3.800000000000001599e+00,1.178922763484358399e-01,4.068483599492854763e-01,4.752593637022785589e-01
7.539999999999994706e+00,3.800000000000001599e+00,8.895456156275938220e-02,4.115816313115104874e-01,4.994638071257300749e-01
