sepal length (cm),petal length (cm),setosa,versicolor,virginica
4.299999999999999822e+00,1.000000000000000000e+00,9.400933421711477056e-01,4.975192014901180099e-02,1.015473767984049862e-02
4.479999999999999538e+00,1.000000000000000000e+00,9.451719476702139522e-01,4.571868427804703927e-02,9.109368051738862826e-03
4.659999999999999254e+00,1.000000000000000000e+00,9.495205927941681168e-01,4.224867294030287823e-02,8.230734265529155921e-03
4.839999999999998970e+00,1.000000000000000000e+00,9.532559330176418877e-01,3.925524077574202297e-02,7.488826206616036422e-03
5.019999999999998685e+00,1.000000000000000000e+00,9.564751768246056995e-01,3.666540432638391162e-02,6.859418849010388841e-03
5.199999999999998401e+00,1.000000000000000000e+00,9.592591910205219286e-01,3.441787295182438533e-02,6.322936027653516117e-03
5.379999999999998117e+00,1.000000000000000000e+00,9.616752178718673827e-01,3.246125478879885451e-02,5.863527339333794025e-03
5.559999999999997833e+00,1.000000000000000000e+00,9.637792000899748635e-01,3.075247480982208279e-02,5.468325100203038150e-03
5.739999999999997549e+00,1.000000000000000000e+00,9.656177396598011331e-01,2.925541043324171239e-02,5.126849906957102465e-03
5.919999999999997264e+00,1.000000000000000000e+00,9.672297304597845535e-01,2.793973265123577202e-02,4.830536888979886957e-03
6.099999999999996980e+00,1.000000000000000000e+00,9.686477089396814399e-01,2.677993215580517714e-02,4.572358904513402003e-03
6.279999999999996696e+00,1.000000000000000000e+00,9.698989660550593195e-01,2.575450691766234187e-02,4.346527027278394156e-03
6.459999999999996412e+00,1.000000000000000000e+00,9.710064598736498631e-01,2.484528776830476418e-02,4.148252358045375308e-03
6.639999999999996128e+00,1.000000000000000000e+00,9.719895633810989866e-01,2.403688026284322293e-02,3.973556356057791374e-03
6.819999999999995843e+00,1.000000000000000000e+00,9.728646769400931538e-01,2.331620355114521689e-02,3.819119508761850950e-03
6.999999999999995559e+00,1.000000000000000000e+00,9.736457300812214610e-01,2.267210962809658101e-02,3.682160290681904622e-03
7.179999999999995275e+00,1.000000000000000000e+00,9.743445930477795391e-01,2.209506888149116374e-02,3.560338070729150099e-03
7.359999999999994991e+00,1.000000000000000000e+00,9.749714148503983990e-01,2.157691016692827798e-02,3.451674982673427500e-03
7.539999999999994706e+00,1.000000000000000000e+00,9.755349014994000312e-01,2.111060565877321063e-02,3.354492841826913450e-03
7.719999999999994422e+00,1.000000000000000000e+00,9.760425455215009372e-01,2.069009244905066144e-02,3.267362029448447804e-03
4.299999999999999822e+00,1.294999999999999929e+00,9.063253883465348659e-01,7.662136225797340494e-02,1.705324939549171873e-02
4.479999999999999538e+00,1.294999999999999929e+00,9.163692591118209885e-01,6.877089271981552676e-02,1.485984816836360099e-02
4.659999999999999254e+00,1.294999999999999929e+00,9.249018918954606816e-01,6.205592624543385116e-02,1.304218185910559040e-02
4.839999999999998970e+00,1.294999999999999929e+00,9.321584884895236511e-01,5.631012909324679960e-02,1.153138241722949722e-02
5.019999999999998685e+00,1.294999999999999929e+00,9.383411128875102092e-01,5.138776809400499163e-02,1.027111901848480266e-02
5.199999999999998401e+00,1.294999999999999929e+00,9.436213160050326287e-01,4.716309826790625326e-02,9.215585727061050350e-03
5.379999999999998117e+00,1.294999999999999929e+00,9.481435276425160819e-01,4.352880345800714396e-02,8.327668899476852252e-03
5.559999999999997833e+00,1.294999999999999929e+00,9.520286530788797386e-01,4.039399593757614371e-02,7.577350983543950334e-03
5.739999999999997549e+00,1.294999999999999929e+00,9.553775407666919017e-01,3.768209790718175800e-02,6.940361326126294299e-03
5.919999999999997264e+00,1.294999999999999929e+00,9.582741452669382154e-01,3.532879549705156969e-02,6.397059236010180228e-03
6.099999999999996980e+00,1.294999999999999929e+00,9.607883112656958602e-01,3.328016608117260328e-02,5.931522653131606794e-03
6.279999999999996696e+00,1.294999999999999929e+00,9.629781658649692044e-01,3.149102212286297026e-02,5.530812012167976230e-03
6.459999999999996412e+00,1.294999999999999929e+00,9.648921403607176872e-01,2.992348001428757343e-02,5.184379624994761918e-03
6.639999999999996128e+00,1.294999999999999929e+00,9.665706592131174668e-01,2.854574294952107183e-02,4.883597837361471766e-03
6.819999999999995843e+00,1.294999999999999929e+00,9.680475397615446731e-01,2.733107726925898193e-02,4.621382969196286862e-03
6.999999999999995559e+00,1.294999999999999929e+00,9.693511460276116321e-01,2.625695810463243157e-02,4.391895867755840101e-03
7.179999999999995275e+00,1.294999999999999929e+00,9.705053366050224728e-01,2.530435998339041967e-02,4.190303411587040748e-03
7.359999999999994991e+00,1.294999999999999929e+00,9.715302419325113625e-01,2.445716972000678766e-02,4.012588347481933077e-03
7.539999999999994706e+00,1.294999999999999929e+00,9.724429012119084614e-01,2.370170139638369533e-02,3.855397391708062244e-03
7.719999999999994422e+00,1.294999999999999929e+00,9.732577844189058691e-01,2.302629596907344173e-02,3.715919612020630609e-03
4.299999999999999822e+00,1.589999999999999858e+00,8.398320436274241407e-01,1.284106725444334740e-01,3.175728382814250322e-02
4.479999999999999538e+00,1.589999999999999858e+00,8.595506277198370348e-01,1.133928200373101186e-01,2.705655224285282920e-02
4.659999999999999254e+00,1.589999999999999858e+00,8.764527921400032673e-01,1.003884250999180494e-01,2.315878276007873882e-02
4.839999999999998970e+00,1.589999999999999858e+00,8.908778154118419668e-01,8.918956509962917834e-02,1.993261948852894511e-02
5.019999999999998685e+00,1.589999999999999858e+00,9.031558839580232645e-01,7.958095581326649071e-02,1.726316022871013378e-02
5.199999999999998401e+00,1.589999999999999858e+00,9.135936336935778224e-01,7.135413372966704915e-02,1.505223257675497237e-02
5.379999999999998117e+00,1.589999999999999858e+00,9.224665572184496121e-01,6.431601522444269081e-02,1.321742755710776304e-02
5.559999999999997833e+00,1.589999999999999858e+00,9.300163096509638239e-01,5.829322441788595960e-02,1.169046593115016103e-02
5.739999999999997549e+00,1.589999999999999858e+00,9.364511985353589640e-01,5.313349807489496646e-02,1.041530338974612675e-02
5.919999999999997264e+00,1.589999999999999858e+00,9.419485306529256086e-01,4.870523677396897122e-02,9.346232573105539912e-03
6.099999999999996980e+00,1.589999999999999858e+00,9.466578753349778053e-01,4.489599762084387630e-02,8.446127044178517937e-03
6.279999999999996696e+00,1.589999999999999858e+00,9.507046277132382706e-01,4.161047741461342681e-02,7.684894872148291360e-03
6.459999999999996412e+00,1.589999999999999858e+00,9.541934993246512509e-01,3.876833981038734639e-02,7.038160864961499029e-03
6.639999999999996128e+00,1.589999999999999858e+00,9.572117336934470311e-01,3.630209749486815185e-02,6.486168811684765029e-03
6.819999999999995843e+00,1.589999999999999858e+00,9.598319557354728637e-01,3.415516290644068920e-02,6.012881358086408050e-03
6.999999999999995559e+00,1.589999999999999858e+00,9.621146319194522345e-01,3.228011807631551294e-02,5.605250004232155414e-03
7.179999999999995275e+00,1.589999999999999858e+00,9.641101566624601382e-01,3.063721586387607373e-02,5.252627473663780237e-03
7.359999999999994991e+00,1.589999999999999858e+00,9.658605998219781386e-01,2.919310321582018961e-02,4.946296962201700460e-03
7.539999999999994706e+00,1.589999999999999858e+00,9.674011577582641852e-01,2.791974616567628742e-02,4.679096076059498753e-03
7.719999999999994422e+00,1.589999999999999858e+00,9.687613512471359156e-01,2.679353196279716035e-02,4.445116790067049801e-03
4.299999999999999822e+00,1.884999999999999787e+00,7.184130723428863163e-01,2.198835013168770613e-01,6.170342634023649048e-02
4.479999999999999538e+00,1.884999999999999787e+00,7.527413281766344166e-01,1.948584731835063533e-01,5.240019863985917459e-02
4.659999999999999254e+00,1.884999999999999787e+00,7.834292353713907531e-01,1.721181159904498492e-01,4.445264863815937689e-02
4.839999999999998970e+00,1.884999999999999787e+00,8.104930987892861038e-01,1.517772712700496962e-01,3.772962994066417913e-02
5.019999999999998685e+00,1.884999999999999787e+00,8.340957064096117257e-01,1.338177508215437073e-01,3.208654276884448375e-02
5.199999999999998401e+00,1.884999999999999787e+00,8.544985623339742542e-01,1.181243485170037494e-01,2.737708914902205540e-02
5.379999999999998117e+00,1.884999999999999787e+00,8.720183937537331342e-01,1.045197306313953578e-01,2.346187561487154266e-02
5.559999999999997833e+00,1.884999999999999787e+00,8.869922325555903431e-01,9.279395266467878323e-02,2.021381477973083901e-02
5.739999999999997549e+00,1.884999999999999787e+00,8.997522930101795602e-01,8.272689355847714920e-02,1.752081343134321775e-02
5.919999999999997264e+00,1.884999999999999787e+00,9.106098599337804078e-01,7.410369112010138648e-02,1.528644894611812591e-02
6.099999999999996980e+00,1.884999999999999787e+00,9.198464322533742576e-01,6.672423996628475129e-02,1.342932778034081759e-02
6.279999999999996696e+00,1.884999999999999787e+00,9.277101441952366745e-01,6.040815803458345068e-02,1.188169777017984534e-02
6.459999999999996412e+00,1.884999999999999787e+00,9.344156863644544897e-01,5.499658341463645184e-02,1.058773022090901857e-02
6.639999999999996128e+00,1.884999999999999787e+00,9.401463218736587635e-01,5.035193413735897933e-02,9.501743988982059436e-03
6.819999999999995843e+00,1.884999999999999787e+00,9.450569852395626080e-01,4.635648402357187003e-02,8.586530736865542746e-03
6.999999999999995559e+00,1.884999999999999787e+00,9.492777895527612086e-01,4.291034959104129271e-02,7.811860856197584517e-03
7.179999999999995275e+00,1.884999999999999787e+00,9.529175265971766562e-01,3.992927517128826848e-02,7.153198231535083142e-03
7.359999999999994991e+00,1.884999999999999787e+00,9.560669280316300700e-01,3.734245010892695699e-02,6.590621859443010315e-03
7.539999999999994706e+00,1.884999999999999787e+00,9.588015772362944444e-01,3.509048616308167029e-02,6.107936600623884403e-03
7.719999999999994422e+00,1.884999999999999787e+00,9.611844369111406383e-01,3.312361437878991177e-02,5.691948710069450780e-03
4.299999999999999822e+00,2.179999999999999716e+00,5.403667304475459066e-01,3.467642423296100618e-01,1.128690272228440872e-01
4.479999999999999538e+00,2.179999999999999716e+00,5.855096494781656391e-01,3.164641088157054694e-01,9.802624170612894705e-02
4.659999999999999254e+00,2.179999999999999716e+00,6.292231650713943081e-01,2.862193140647245060e-01,8.455752086388115818e-02
4.839999999999998970e+00,2.179999999999999716e+00,6.706590032561202674e-01,2.568172089013840420e-01,7.252378784249559340e-02
5.019999999999998685e+00,2.179999999999999716e+00,7.091523987539205542e-01,2.289168576854020976e-01,6.193074356067723718e-02
5.199999999999998401e+00,2.179999999999999716e+00,7.442590317658942523e-01,2.030085005573779022e-01,5.273246767672783858e-02
5.379999999999998117e+00,2.179999999999999716e+00,7.757578459355753964e-01,1.794011636074506477e-01,4.484099045697390040e-02
5.559999999999997833e+00,2.179999999999999716e+00,8.036260633394689545e-01,1.582348213041725182e-01,3.813911535635865907e-02
5.739999999999997549e+00,2.179999999999999716e+00,8.279972563391500007e-01,1.395090500778006781e-01,3.249369358304929345e-02
5.919999999999997264e+00,2.179999999999999716e+00,8.491136779189323303e-01,1.231190812933993101e-01,2.776724078766844989e-02
6.099999999999996980e+00,2.179999999999999716e+00,8.672814968587759799e-01,1.088917309160808006e-01,2.382677222514324386e-02
6.279999999999996696e+00,2.179999999999999716e+00,8.828339700569517445e-01,9.661641164793038916e-02,2.054961829511784896e-02
6.459999999999996412e+00,2.179999999999999716e+00,8.961043277872178248e-01,8.606910301359052551e-02,1.782656919919167401e-02
6.639999999999996128e+00,2.179999999999999716e+00,9.074079128551674200e-01,7.702911823500735444e-02,1.556296890982511449e-02
6.819999999999995843e+00,2.179999999999999716e+00,9.170319538381408453e-01,6.928962978212803436e-02,1.367841637973120361e-02
6.999999999999995559e+00,2.179999999999999716e+00,9.252310046679189659e-01,6.266335612512582975e-02,1.210563920695528935e-02
7.179999999999995275e+00,2.179999999999999716e+00,9.322262184805532037e-01,5.698481711556119267e-02,1.078896440388565393e-02
7.359999999999994991e+00,2.179999999999999716e+00,9.382069746121215470e-01,5.211035259262183222e-02,9.682672795256676290e-03
7.539999999999994706e+00,2.179999999999999716e+00,9.433337722476039522e-01,4.791681688355439034e-02,8.749410868841549921e-03
7.719999999999994422e+00,2.179999999999999716e+00,9.477416546449375367e-01,4.429959321386717219e-02,7.958752141195270247e-03
4.299999999999999822e+00,2.474999999999999645e+00,3.548851143835267674e-01,4.655517311895198684e-01,1.795631544269532254e-01
4.479999999999999538e+00,2.474999999999999645e+00,3.956352771949550040e-01,4.428693310899101676e-01,1.614953917151349672e-01
4.659999999999999254e+00,2.474999999999999645e+00,4.387553070500277430e-01,4.171416215365445490e-01,1.441030714134276525e-01
4.839999999999998970e+00,2.474999999999999645e+00,4.835127782591139289e-01,3.889366161049329640e-01,1.275506056359531348e-01
5.019999999999998685e+00,2.474999999999999645e+00,5.290158170957461881e-01,3.589816732309308867e-01,1.120025096733230086e-01
5.199999999999998401e+00,2.474999999999999645e+00,5.742851254678328354e-01,3.281078255607537963e-01,9.760704897141340985e-02
5.379999999999998117e+00,2.474999999999999645e+00,6.183449671384609880e-01,2.971750229925528286e-01,8.448000986898611397e-02
5.559999999999997833e+00,2.474999999999999645e+00,6.603153609656946532e-01,2.669924194702784637e-01,7.269221956402689699e-02
5.739999999999997549e+00,2.474999999999999645e+00,6.994869249039926684e-01,2.382495630623613636e-01,6.226351203364589165e-02
5.919999999999997264e+00,2.474999999999999645e+00,7.353652431000999856e-01,2.114707538260001685e-01,5.316400307389990143e-02
6.099999999999996980e+00,2.474999999999999645e+00,7.676807512017603807e-01,1.869976579246151183e-01,4.532159087362450794e-02
6.279999999999996696e+00,2.474999999999999645e+00,7.963689694453746082e-01,1.649977324208345975e-01,3.863329813379074579e-02
6.459999999999996412e+00,2.474999999999999645e+00,8.215313538888131539e-01,1.454908960879265356e-01,3.297775002326038679e-02
6.639999999999996128e+00,2.474999999999999645e+00,8.433881823428807101e-01,1.283852362421134541e-01,2.822658141500574910e-02
6.819999999999995843e+00,2.474999999999999645e+00,8.622327870908687020e-01,1.135137505795922180e-01,2.425346232953909734e-02
6.999999999999995559e+00,2.474999999999999645e+00,8.783929184010621505e-01,1.006667695558710329e-01,2.094031204306670557e-02
7.179999999999995275e+00,2.474999999999999645e+00,8.922016206051249787e-01,8.961747594649972781e-02,1.818090344837543573e-02
7.359999999999994991e+00,2.474999999999999645e+00,9.039775421886173667e-01,8.014007040225122613e-02,1.588238740913134467e-02
7.539999999999994706e+00,2.474999999999999645e+00,9.140132366305459000e-01,7.202141086890975763e-02,1.396535250054437710e-02
7.719999999999994422e+00,2.474999999999999645e+00,9.225695216764723261e-01,6.506750347870501883e-02,1.236297484482271579e-02
4.299999999999999822e+00,2.769999999999999574e+00,2.169361763488574790e-01,5.342811902611718233e-01,2.487826333899706699e-01
4.479999999999999538e+00,2.769999999999999574e+00,2.440415456234617531e-01,5.257580303150641843e-01,2.302004240614741459e-01
4.659999999999999254e+00,2.769999999999999574e+00,2.744386504554646167e-01,5.137230566737019943e-01,2.118382928708332502e-01
4.839999999999998970e+00,2.769999999999999574e+00,3.081915081532753953e-01,4.980507143227563827e-01,1.937577775239682498e-01
5.019999999999998685e+00,2.769999999999999574e+00,3.452144791585961547e-01,4.787442940696988725e-01,1.760412267717049450e-01
5.199999999999998401e+00,2.769999999999999574e+00,3.852350742831930352e-01,4.559698057320925035e-01,1.587951199847144890e-01
5.379999999999998117e+00,2.769999999999999574e+00,4.277716056946089807e-01,4.300790798975661078e-01,1.421493144078249116e-01
5.559999999999997833e+00,2.769999999999999574e+00,4.721358751995864966e-01,4.016131014871808236e-01,1.262510233132327631e-01
5.739999999999997549e+00,2.769999999999999574e+00,5.174677434209283833e-01,3.712787934411052593e-01,1.112534631379662742e-01
5.919999999999997264e+00,2.769999999999999574e+00,5.628012473058152665e-01,3.398980838321820630e-01,9.730066886200257337e-02
6.099999999999996980e+00,2.769999999999999574e+00,6.071528443206777315e-01,3.083357532775185539e-01,8.451140240180372853e-02
6.279999999999996696e+00,2.769999999999999574e+00,6.496149847386580856e-01,2.774193230736244353e-01,7.296569218771753462e-02
6.459999999999996412e+00,2.769999999999999574e+00,6.894360559307072256e-01,2.478669894248011485e-01,6.269695464449154265e-02
6.639999999999996128e+00,2.769999999999999574e+00,7.260719889298787866e-01,2.202369597036806514e-01,5.369105136644052728e-02
6.819999999999995843e+00,2.769999999999999574e+00,7.592034851839448706e-01,1.949047933537184085e-01,4.589172146233675559e-02
6.999999999999995559e+00,2.769999999999999574e+00,7.887220264783268986e-01,1.720675979589478821e-01,3.921037556272517072e-02
7.179999999999995275e+00,2.769999999999999574e+00,8.146941264445055619e-01,1.517681893044648678e-01,3.353768425102950090e-02
7.359999999999994991e+00,2.769999999999999574e+00,8.373152870530556902e-01,1.339300199323060769e-01,2.875469301463821556e-02
7.539999999999994706e+00,2.769999999999999574e+00,8.568635621600602104e-01,1.183944555434997825e-01,2.474198229644010427e-02
7.719999999999994422e+00,2.769999999999999574e+00,8.736592663628749422e-01,1.049544804179665114e-01,2.138625321915851168e-02
4.299999999999999822e+00,3.064999999999999503e+00,1.338517477238981568e-01,5.517300395685034164e-01,3.144182127075983990e-01
4.479999999999999538e+00,3.064999999999999503e+00,1.494369927381618279e-01,5.545119425356778153e-01,2.960510647261603845e-01
4.659999999999999254e+00,3.064999999999999503e+00,1.672716790616975147e-01,5.549079610570597509e-01,2.778203598812425956e-01
4.839999999999998970e+00,3.064999999999999503e+00,1.876405129793639881e-01,5.526088983539891863e-01,2.597505886666467978e-01
5.019999999999998685e+00,3.064999999999999503e+00,2.108235036782310223e-01,5.473145363149491960e-01,2.418619600068198650e-01
5.199999999999998401e+00,3.064999999999999503e+00,2.370727142111073993e-01,5.387520145678291739e-01,2.241752712210633436e-01
5.379999999999998117e+00,3.064999999999999503e+00,2.665807902379871974e-01,5.267011565254109406e-01,2.067180532366018342e-01
5.559999999999997833e+00,3.064999999999999503e+00,2.994422904677379038e-01,5.110263556597970380e-01,1.895313538724651137e-01
5.739999999999997549e+00,3.064999999999999503e+00,3.356113830539407816e-01,4.917125451398243197e-01,1.726760718062348432e-01
5.919999999999997264e+00,3.064999999999999503e+00,3.748626138230898852e-01,4.689000452380515105e-01,1.562373409388586876e-01
6.099999999999996980e+00,3.064999999999999503e+00,4.167642491096565371e-01,4.429104556825244621e-01,1.403252952078190841e-01
6.279999999999996696e+00,3.064999999999999503e+00,4.606746197986402169e-01,4.142545196299275423e-01,1.250708605714322408e-01
6.459999999999996412e+00,3.064999999999999503e+00,5.057693901851707530e-01,3.836144419558525920e-01,1.106161678589767799e-01
6.639999999999996128e+00,3.064999999999999503e+00,5.511012160600277099e-01,3.517981534497396368e-01,9.710063049023262560e-02
6.819999999999995843e+00,3.064999999999999503e+00,5.956843013689401278e-01,3.196704864907833898e-01,8.464521214027652396e-02
6.999999999999995559e+00,3.064999999999999503e+00,6.385882939149163384e-01,2.880734456934919141e-01,7.333826039159180299e-02
7.179999999999995275e+00,3.064999999999999503e+00,6.790225052141216633e-01,2.577514722964220351e-01,6.322602248945645431e-02
7.359999999999994991e+00,3.064999999999999503e+00,7.163943987874913377e-01,2.292959758665875369e-01,5.430962534592101432e-02
7.539999999999994706e+00,3.064999999999999503e+00,7.503343008948515358e-01,2.031172307946965128e-01,4.654846831045177102e-02
7.719999999999994422e+00,3.064999999999999503e+00,7.806876824428680139e-01,1.794439039579219797e-01,3.986841359920999250e-02
4.299999999999999822e+00,3.359999999999999432e+00,8.729225116000602358e-02,5.361776562304793048e-01,3.765300926095146439e-01
4.479999999999999538e+00,3.359999999999999432e+00,9.606639002597194832e-02,5.455292245045626487e-01,3.584043854694654585e-01
4.659999999999999254e+00,3.359999999999999432e+00,1.060779153025894067e-01,5.535953560734891976e-01,3.403267286239213263e-01
4.839999999999998970e+00,3.359999999999999432e+00,1.175229637344060857e-01,5.601252309788989914e-01,3.223518052866948813e-01
5.019999999999998685e+00,3.359999999999999432e+00,1.306244407100944083e-01,5.648522987608139978e-01,3.045232605290915107e-01
5.199999999999998401e+00,3.359999999999999432e+00,1.456311540516668224e-01,5.674957155202446923e-01,2.868731304280884298e-01
5.379999999999998117e+00,3.359999999999999432e+00,1.628139844354340449e-01,5.677636037740940722e-01,2.694224117904718274e-01
5.559999999999997833e+00,3.359999999999999432e+00,1.824577008587225657e-01,5.653593285089906217e-01,2.521829706322868403e-01
5.739999999999997549e+00,3.359999999999999432e+00,2.048468502404772185e-01,5.599922247419739652e-01,2.351609250175488719e-01
5.919999999999997264e+00,3.359999999999999432e+00,2.302442542698184269e-01,5.513942301121053102e-01,2.183615156180764016e-01
6.099999999999996980e+00,3.359999999999999432e+00,2.588612796640340497e-01,5.393434558977528992e-01,2.017952644382130512e-01
6.279999999999996696e+00,3.359999999999999432e+00,2.908204728898090563e-01,5.236946295275799468e-01,1.854848975826110524e-01
6.459999999999996412e+00,3.359999999999999432e+00,3.261135071623589843e-01,5.044144042075086043e-01,1.694720886301324669e-01
6.639999999999996128e+00,3.359999999999999432e+00,3.645604643078157459e-01,4.816168813016460937e-01,1.538226543905380217e-01
6.819999999999995843e+00,3.359999999999999432e+00,4.057794601635978382e-01,4.555919544937941934e-01,1.386285853426079684e-01
6.999999999999995559e+00,3.359999999999999432e+00,4.491770855879738122e-01,4.268174567042556933e-01,1.240054577077704112e-01
7.179999999999995275e+00,3.359999999999999432e+00,4.939684530885757319e-01,3.959470117883619467e-01,1.100845351230622104e-01
7.359999999999994991e+00,3.359999999999999432e+00,5.392299750793000390e-01,3.637698429724987581e-01,9.700018194820128614e-02
7.539999999999994706e+00,3.359999999999999432e+00,5.839793584616985722e-01,3.311459433383194817e-01,8.487469819998201548e-02
7.719999999999994422e+00,3.359999999999999432e+00,6.272687399042808920e-01,2.989275351919853940e-01,7.380372490373382499e-02
4.299999999999999822e+00,3.654999999999999361e+00,6.087511385733564845e-02,5.036518031608701040e-01,4.354730829817943238e-01
4.479999999999999538e+00,3.654999999999999361e+00,6.601253316786315217e-02,5.160874550334692001e-01,4.179000117986675922e-01
4.659999999999999254e+00,3.654999999999999361e+00,7.180617313663419099e-02,5.280123499323244873e-01,4.001814769310413356e-01
4.839999999999998970e+00,3.654999999999999361e+00,7.835840231871592232e-02,5.392442772190477740e-01,3.823973204622364008e-01
5.019999999999998685e+00,3.654999999999999361e+00,8.578969389056516348e-02,5.495872192084845231e-01,3.646230869009502440e-01
5.199999999999998401e+00,3.654999999999999361e+00,9.424131927629524064e-02,5.588314113293667562e-01,3.469272693943379893e-01
5.379999999999998117e+00,3.654999999999999361e+00,1.038779661883991595e-01,5.667531620365159339e-01,3.293688717750848927e-01
5.559999999999997833e+00,3.654999999999999361e+00,1.148899555154733049e-01,5.731145563244173236e-01,3.119954881601094132e-01
5.739999999999997549e+00,3.654999999999999361e+00,1.274945477949009087e-01,5.776633542962307244e-01,2.948420979088684502e-01
5.919999999999997264e+00,3.654999999999999361e+00,1.419355891528264191e-01,5.801336443106418495e-01,2.779307665365317592e-01
6.099999999999996980e+00,3.654999999999999361e+00,1.584804582218254376e-01,5.802481086342301531e-01,2.612714331439445203e-01
6.279999999999996696e+00,3.654999999999999361e+00,1.774129788509534178e-01,5.777230745296553227e-01,2.448639466193912317e-01
6.459999999999996412e+00,3.654999999999999361e+00,1.990207474680075750e-01,5.722777808692208756e-01,2.287014716627716049e-01
6.639999999999996128e+00,3.654999999999999361e+00,2.235753477553452107e-01,5.636493559409887499e-01,2.127752963036660672e-01
6.819999999999995843e+00,3.654999999999999361e+00,2.513044221917745680e-01,5.516146753820403426e-01,1.970809024261852005e-01
6.999999999999995559e+00,3.654999999999999361e+00,2.823558076471925360e-01,5.360193100229911911e-01,1.816248823298162729e-01
7.179999999999995275e+00,3.654999999999999361e+00,3.167561024882329934e-01,5.168119977196509174e-01,1.664318997921160059e-01
7.359999999999994991e+00,3.654999999999999361e+00,3.543689966582406203e-01,4.940805339796793261e-01,1.515504693620800536e-01
7.539999999999994706e+00,3.654999999999999361e+00,3.948617946623799169e-01,4.680821875018561506e-01,1.370560178357638770e-01
7.719999999999994422e+00,3.654999999999999361e+00,4.376904767212673741e-01,4.392597986228706231e-01,1.230497246558620306e-01
4.299999999999999822e+00,3.949999999999999289e+00,4.518059732606419243e-02,4.644702435317394906e-01,4.903491591421962892e-01
4.479999999999999538e+00,3.949999999999999289e+00,4.836323416231014943e-02,4.777311495743669645e-01,4.739056162633228375e-01
4.659999999999999254e+00,3.949999999999999289e+00,5.190808731455264641e-02,4.910039553803774437e-01,4.570879573050699030e-01
4.839999999999998970e+00,3.949999999999999289e+00,5.586562989801704959e-02,5.041609993346417573e-01,4.399733707673412209e-01
5.019999999999998685e+00,3.949999999999999289e+00,6.029531752228134422e-02,5.170611979227927035e-01,4.226434845549259522e-01
5.199999999999998401e+00,3.949999999999999289e+00,6.526736144143586993e-02,5.295507740103190253e-01,4.051818645482451187e-01
5.379999999999998117e+00,3.949999999999999289e+00,7.086477829393443562e-02,5.414639693288439970e-01,3.876712523772214980e-01
5.559999999999997833e+00,3.949999999999999289e+00,7.718571052671789612e-02,5.526235967467186816e-01,3.701906927265635194e-01
5.739999999999997549e+00,3.949999999999999289e+00,8.434597961033121760e-02,5.628413003280572369e-01,3.528127200616115178e-01
5.919999999999997264e+00,3.949999999999999289e+00,9.248178207886263713e-02,5.719174358387439927e-01,3.356007820823934673e-01
6.099999999999996980e+00,3.949999999999999289e+00,1.017523573536699005e-01,5.796405687218424418e-01,3.186070739244876715e-01
6.279999999999996696e+00,3.949999999999999289e+00,1.123423355093832871e-01,5.857867176116475783e-01,3.018709468789691486e-01
6.459999999999996412e+00,3.949999999999999289e+00,1.244633017927791324e-01,5.901186549754324773e-01,2.854180432317883209e-01
6.639999999999996128e+00,3.949999999999999289e+00,1.383538860625991851e-01,5.923858147221967574e-01,2.692602992152040575e-01
6.819999999999995843e+00,3.949999999999999289e+00,1.542774049004588255e-01,5.923256426573474398e-01,2.533969524421937902e-01
6.999999999999995559e+00,3.949999999999999289e+00,1.725157834730770556e-01,5.896675326311856535e-01,2.378166838957373186e-01
7.179999999999995275e+00,3.949999999999999289e+00,1.933582402426105851e-01,5.841407559195683774e-01,2.225010038378209265e-01
7.359999999999994991e+00,3.949999999999999289e+00,2.170831735655968653e-01,5.754878950315710506e-01,2.074289314028321396e-01
7.539999999999994706e+00,3.949999999999999289e+00,2.439320639431415416e-01,5.634850500074901625e-01,1.925828860493682682e-01
7.719999999999994422e+00,3.949999999999999289e+00,2.740752654729232685e-01,5.479692608765066586e-01,1.779554736505701285e-01
4.299999999999999822e+00,4.244999999999999218e+00,3.536506616663812053e-02,4.248809559309173478e-01,5.397539779024443929e-01
4.479999999999999538e+00,4.244999999999999218e+00,3.744303307403287068e-02,4.375609144565437703e-01,5.249960524694233799e-01
4.659999999999999254e+00,4.244999999999999218e+00,3.973502543816115340e-02,4.505817962134611165e-01,5.096831783483777301e-01
4.839999999999998970e+00,4.244999999999999218e+00,4.226668588693147793e-02,4.638649843954588126e-01,4.938683297176096887e-01
5.019999999999998685e+00,4.244999999999999218e+00,4.506774249481178274e-02,4.773181959576866529e-01,4.776140615475016893e-01
5.199999999999998401e+00,4.244999999999999218e+00,4.817286585583458597e-02,4.908357017498592989e-01,4.609914323943060666e-01
5.379999999999998117e+00,4.244999999999999218e+00,5.162270791496215844e-02,5.042988629451715665e-01,4.440784291398662265e-01
5.559999999999997833e+00,4.244999999999999218e+00,5.546514930789368109e-02,5.175769223807874519e-01,4.269579283113189017e-01
5.739999999999997549e+00,4.244999999999999218e+00,5.975678101411228266e-02,5.305279501266128017e-01,4.097152688592748393e-01
5.919999999999997264e+00,4.244999999999999218e+00,6.456464241586631903e-02,5.429998092645638152e-01,3.924355483195698935e-01
6.099999999999996980e+00,4.244999999999999218e+00,6.996822952789599759e-02,5.548309870712514469e-01,3.752007834008526110e-01
6.279999999999996696e+00,4.244999999999999218e+00,7.606177128602988058e-02,5.658511350875552459e-01,3.580870936264148319e-01
6.459999999999996412e+00,4.244999999999999218e+00,8.295674391049388807e-02,5.758811849312310827e-01,3.411620711582749599e-01
6.639999999999996128e+00,4.244999999999999218e+00,9.078454710267820638e-02,5.847329605224588223e-01,3.244824923748628742e-01
6.819999999999995843e+00,4.244999999999999218e+00,9.969919259960978442e-02,5.922082966531911907e-01,3.080925107471991775e-01
6.999999999999995559e+00,4.244999999999999218e+00,1.098797448517583181e-01,5.980978036177270196e-01,2.920224515305145374e-01
7.179999999999995275e+00,4.244999999999999218e+00,1.215320941975621127e-01,6.021795929766763367e-01,2.762883128257614396e-01
7.359999999999994991e+00,4.244999999999999218e+00,1.348894267849532203e-01,6.042185036803383591e-01,2.608920695347085039e-01
7.539999999999994706e+00,4.244999999999999218e+00,1.502104847853079350e-01,6.039666371406829937e-01,2.458228780740090713e-01
7.719999999999994422e+00,4.244999999999999218e+00,1.677744100327334953e-01,6.011663040763922661e-01,2.310592858908741831e-01
4.299999999999999822e+00,4.539999999999999147e+00,2.894421100071433231e-02,3.884256223385783025e-01,5.826301666607073271e-01
4.479999999999999538e+00,4.539999999999999147e+00,3.035830294919689490e-02,3.997446547305111841e-01,5.698970423202919244e-01
4.659999999999999254e+00,4.539999999999999147e+00,3.190793510516883036e-02,4.115758839839568917e-01,5.565161809108742919e-01
4.839999999999998970e+00,4.539999999999999147e+00,3.360716939119098162e-02,4.238831439372178211e-01,5.425096866715911625e-01
5.019999999999998685e+00,4.539999999999999147e+00,3.547190932631469340e-02,4.366184107861922348e-01,5.279096798874930441e-01
5.199999999999998401e+00,4.539999999999999147e+00,3.752026610428401548e-02,4.497211233396791186e-01,5.127586105560367757e-01
5.379999999999998117e+00,4.539999999999999147e+00,3.977301492661601545e-02,4.631177972854207403e-01,4.971091877879630916e-01
5.559999999999997833e+00,4.539999999999999147e+00,4.225416034035572865e-02,4.767219771935257699e-01,4.810238624661185014e-01
5.739999999999997549e+00,4.539999999999999147e+00,4.499163135732618668e-02,4.904345444637996931e-01,4.645738241788741618e-01
5.919999999999997264e+00,4.539999999999999147e+00,4.801812891744765971e-02,5.041443658209722178e-01,4.478375052615802265e-01
6.099999999999996980e+00,4.539999999999999147e+00,5.137214964224846858e-02,5.177292279950469478e-01,4.308986223627045420e-01
6.279999999999996696e+00,4.539999999999999147e+00,5.509921052036279021e-02,5.310569641388863671e-01,4.138438253407509260e-01
6.459999999999996412e+00,4.539999999999999147e+00,5.925329863965011351e-02,5.439866417000365217e-01,3.967600596603134688e-01
6.639999999999996128e+00,4.539999999999999147e+00,6.389856735519633402e-02,5.563696557094233164e-01,3.797317769353803496e-01
6.819999999999995843e+00,4.539999999999999147e+00,6.911129367529647571e-02,5.680505613270204757e-01,3.628381449976831319e-01
6.999999999999995559e+00,4.539999999999999147e+00,7.498209842078530640e-02,5.788674896844888673e-01,3.461504118947258402e-01
7.179999999999995275e+00,4.539999999999999147e+00,8.161840666692536661e-02,5.886520252305820211e-01,3.297295681024924874e-01
7.359999999999994991e+00,4.539999999999999147e+00,8.914708503556739716e-02,5.972284838450545585e-01,3.136244311193780443e-01
7.539999999999994706e+00,4.539999999999999147e+00,9.771712633320056574e-02,6.044126219218893814e-01,2.978702517449099973e-01
7.719999999999994422e+00,4.539999999999999147e+00,1.075021505723014331e-01,6.100099313084414998e-01,2.824879181192570532e-01
4.299999999999999822e+00,4.834999999999999076e+00,2.459222593476738730e-02,3.567788532127701417e-01,6.186289208524624605e-01
4.479999999999999538e+00,4.834999999999999076e+00,2.558399894835703889e-02,3.664160868812801897e-01,6.079999141703628096e-01
4.659999999999999254e+00,4.834999999999999076e+00,2.666660494258936767e-02,3.766183660886868179e-01,5.967150289687238596e-01
4.839999999999998970e+00,4.834999999999999076e+00,2.784852406014458673e-02,3.873808750939143342e-01,5.847706008459410132e-01
5.019999999999998685e+00,4.834999999999999076e+00,2.913911486921238331e-02,3.986904452817480182e-01,5.721704398490397026e-01
5.199999999999998401e+00,4.834999999999999076e+00,3.054875674884890285e-02,4.105244097070880893e-01,5.589268335440630286e-01
5.379999999999998117e+00,4.834999999999999076e+00,3.208903074001265288e-02,4.228495568269509119e-01,5.450614124330365184e-01
5.559999999999997833e+00,4.834999999999999076e+00,3.377294921102746983e-02,4.356212513523138874e-01,5.306057994366586428e-01
5.739999999999997549e+00,4.834999999999999076e+00,3.561524647793015697e-02,4.487827911230935496e-01,5.156019623989762657e-01
5.919999999999997264e+00,4.834999999999999076e+00,3.763274432072319375e-02,4.622650625679365910e-01,5.001021931113401875e-01
6.099999999999996980e+00,4.834999999999999076e+00,3.984480809141000696e-02,4.759865422690076620e-01,4.841686496395823380e-01
6.279999999999996696e+00,4.834999999999999076e+00,4.227391077908855543e-02,4.898536679789666781e-01,4.678724212419448913e-01
6.459999999999996412e+00,4.834999999999999076e+00,4.494632395835976291e-02,5.037615700406107289e-01,4.512921060010294805e-01
6.639999999999996128e+00,4.834999999999999076e+00,4.789295597899405343e-02,5.175951159914774502e-01,4.345119280295285935e-01
6.819999999999995843e+00,4.834999999999999076e+00,5.115035899596714897e-02,5.312301811148364417e-01,4.176194598891964649e-01
6.999999999999995559e+00,4.834999999999999076e+00,5.476192730634750483e-02,5.445350208041969120e-01,4.007030518894555415e-01
7.179999999999995275e+00,4.834999999999999076e+00,5.877930951631123863e-02,5.573715921998797507e-01,3.838490982838089760e-01
7.359999999999994991e+00,4.834999999999999076e+00,6.326405542774435342e-02,5.695966575776362228e-01,3.671392869946193960e-01
7.539999999999994706e+00,4.834999999999999076e+00,6.828951363233688732e-02,5.810625042785499961e-01,3.506479820891129640e-01
7.719999999999994422e+00,4.834999999999999076e+00,7.394298503834556557e-02,5.916171380351062936e-01,3.344398769265481963e-01
4.299999999999999822e+00,5.129999999999999005e+00,2.156229517407510718e-02,3.303838038398472232e-01,6.480539009860776245e-01
4.479999999999999538e+00,5.129999999999999005e+00,2.227284303534616053e-02,3.383210937721803924e-01,6.394060631924733951e-01
4.659999999999999254e+00,5.129999999999999005e+00,2.304677060987305251e-02,3.468005152585407203e-01,6.301527141315861336e-01
4.839999999999998970e+00,5.129999999999999005e+00,2.388965041884767021e-02,3.558362262936107800e-01,6.202741232875415012e-01
5.019999999999998685e+00,5.129999999999999005e+00,2.480752933325856141e-02,3.654377039841776309e-01,6.097547666825637869e-01
5.199999999999998401e+00,5.129999999999999005e+00,2.580698028835902783e-02,3.756086577563732543e-01,5.985843619552677630e-01
5.379999999999998117e+00,5.129999999999999005e+00,2.689516747316425538e-02,3.863458884525080572e-01,5.867589440743277152e-01
5.559999999999997833e+00,5.129999999999999005e+00,2.807992978328940556e-02,3.976381330797583713e-01,5.742819371369521919e-01
5.739999999999997549e+00,5.129999999999999005e+00,2.936988856519964428e-02,4.094649464343311784e-01,5.611651650004692016e-01
5.919999999999997264e+00,5.129999999999999005e+00,3.077458704418213620e-02,4.217956808876713870e-01,5.474297320681464907e-01
6.099999999999996980e+00,5.129999999999999005e+00,3.230467027185731504e-02,4.345886325074032053e-01,5.331066972207394450e-01
6.279999999999996696e+00,5.129999999999999005e+00,3.397211589644531793e-02,4.477904234118796900e-01,5.182374606916748672e-01
6.459999999999996412e+00,5.129999999999999005e+00,3.579052749439085024e-02,4.613356849207110311e-01,5.028737875848982020e-01
6.639999999999996128e+00,5.129999999999999005e+00,3.777550356229338741e-02,4.751470922296088251e-01,4.870774042080976973e-01
6.819999999999995843e+00,5.129999999999999005e+00,3.994509653730087678e-02,4.891357784728829761e-01,4.709191249898161957e-01
6.999999999999995559e+00,5.129999999999999005e+00,4.232037741243675766e-02,5.032021248913147726e-01,4.544774976962484558e-01
7.179999999999995275e+00,5.129999999999999005e+00,4.492612269426052990e-02,5.172368866437238033e-01,4.378369906620156460e-01
7.359999999999994991e+00,5.129999999999999005e+00,4.779164167632906496e-02,5.311225742656567883e-01,4.210857840580141676e-01
7.539999999999994706e+00,5.129999999999999005e+00,5.095176329044551200e-02,5.447349736030616674e-01,4.043132631064929039e-01
7.719999999999994422e+00,5.129999999999999005e+00,5.444800302951054854e-02,5.579446572996646925e-01,3.876073396708246688e-01
4.299999999999999822e+00,5.424999999999998934e+00,1.941015623660627756e-02,3.089668335121170673e-01,6.716230102512766864e-01
4.479999999999999538e+00,5.424999999999998934e+00,1.992693801303703147e-02,3.153542578767044580e-01,6.647188041102585210e-01
4.659999999999999254e+00,5.424999999999998934e+00,2.048914514679348736e-02,3.222217898289907456e-01,6.572890650242158017e-01
4.839999999999998970e+00,5.424999999999998934e+00,2.110066983325776385e-02,3.295923970501961064e-01,6.493069331165460811e-01
5.019999999999998685e+00,5.424999999999998934e+00,2.176570244050421085e-02,3.374871859424072307e-01,6.407471116170886383e-01
5.199999999999998401e+00,5.424999999999998934e+00,2.248875104095464025e-02,3.459246273590320664e-01,6.315866216000132205e-01
5.379999999999998117e+00,5.424999999999998934e+00,2.327466419213659182e-02,3.549196747050621381e-01,6.218056611028012215e-01
5.559999999999997833e+00,5.424999999999998934e+00,2.412865867746068899e-02,3.644827829537419239e-01,6.113885583687973524e-01
5.739999999999997549e+00,5.424999999999998934e+00,2.505635458751686792e-02,3.746188458709189262e-01,6.003247995415641469e-01
5.919999999999997264e+00,5.424999999999998934e+00,2.606382093876899453e-02,3.853260790823886395e-01,5.886100999788422827e-01
6.099999999999996980e+00,5.424999999999998934e+00,2.715763598562270439e-02,3.965948880223987838e-01,5.762474759919784528e-01
6.279999999999996696e+00,5.424999999999998934e+00,2.834496746516808677e-02,4.084067713264171173e-01,5.632482612084146467e-01
6.459999999999996412e+00,5.424999999999998934e+00,2.963367918694443867e-02,4.207333205188205638e-01,5.496330002942350079e-01
6.639999999999996128e+00,5.424999999999998934e+00,3.103247159370240912e-02,4.335353841633627914e-01,5.354321442429348377e-01
6.819999999999995843e+00,5.424999999999998934e+00,3.255106511529646390e-02,4.467624670385407226e-01,5.206864678461627927e-01
6.999999999999995559e+00,5.424999999999998934e+00,3.420043626017420235e-02,4.603524304712423021e-01,5.054471332685834817e-01
7.179999999999995275e+00,5.424999999999998934e+00,3.599311739768942114e-02,4.742315472384180941e-01,4.897753353638925611e-01
7.359999999999994991e+00,5.424999999999998934e+00,3.794357207306169738e-02,4.883149428101885015e-01,4.737414851167496832e-01
7.539999999999994706e+00,5.424999999999998934e+00,4.006865850522669387e-02,5.025074247778550385e-01,4.574239167169183440e-01
