sepal length (cm),sepal length (cm),setosa,versicolor,virginica
4.299999999999999822e+00,1.000000000000000000e+00,9.400933421711477056e-01,4.975192014901176629e-02,1.015473767984050903e-02
4.479999999999999538e+00,1.000000000000000000e+00,9.451719476702141742e-01,4.571868427804704621e-02,9.109368051738857622e-03
4.659999999999999254e+00,1.000000000000000000e+00,9.495205927941681168e-01,4.224867294030285741e-02,8.230734265529155921e-03
4.839999999999998970e+00,1.000000000000000000e+00,9.532559330176419987e-01,3.925524077574199522e-02,7.488826206616038157e-03
5.019999999999998685e+00,1.000000000000000000e+00,9.564751768246056995e-01,3.666540432638387692e-02,6.859418849010376698e-03
5.199999999999998401e+00,1.000000000000000000e+00,9.592591910205221506e-01,3.441787295182436451e-02,6.322936027653511780e-03
5.379999999999998117e+00,1.000000000000000000e+00,9.616752178718673827e-01,3.246125478879882675e-02,5.863527339333794025e-03
5.559999999999997833e+00,1.000000000000000000e+00,9.637792000899748635e-01,3.075247480982208279e-02,5.468325100203038150e-03
5.739999999999997549e+00,1.000000000000000000e+00,9.656177396598011331e-01,2.925541043324171239e-02,5.126849906957102465e-03
5.919999999999997264e+00,1.000000000000000000e+00,9.672297304597845535e-01,2.793973265123574773e-02,4.830536888979886957e-03
6.099999999999996980e+00,1.000000000000000000e+00,9.686477089396814399e-01,2.677993215580517714e-02,4.572358904513402870e-03
6.279999999999996696e+00,1.000000000000000000e+00,9.698989660550593195e-01,2.575450691766232106e-02,4.346527027278394156e-03
6.459999999999996412e+00,1.000000000000000000e+00,9.710064598736498631e-01,2.484528776830475724e-02,4.148252358045375308e-03
6.639999999999996128e+00,1.000000000000000000e+00,9.719895633810989866e-01,2.403688026284319865e-02,3.973556356057791374e-03
6.819999999999995843e+00,1.000000000000000000e+00,9.728646769400931538e-01,2.331620355114520649e-02,3.819119508761850950e-03
6.999999999999995559e+00,1.000000000000000000e+00,9.736457300812214610e-01,2.267210962809656019e-02,3.682160290681904622e-03
7.179999999999995275e+00,1.000000000000000000e+00,9.743445930477795391e-01,2.209506888149115333e-02,3.560338070729150099e-03
7.359999999999994991e+00,1.000000000000000000e+00,9.749714148503983990e-01,2.157691016692827798e-02,3.451674982673433572e-03
7.539999999999994706e+00,1.000000000000000000e+00,9.755349014993998091e-01,2.111060565877320369e-02,3.354492841826915619e-03
7.719999999999994422e+00,1.000000000000000000e+00,9.760425455215009372e-01,2.069009244905066144e-02,3.267362029448447804e-03
4.299999999999999822e+00,1.294999999999999929e+00,9.063253883465348659e-01,7.662136225797340494e-02,1.705324939549171873e-02
4.479999999999999538e+00,1.294999999999999929e+00,9.163692591118209885e-01,6.877089271981552676e-02,1.485984816836360099e-02
4.659999999999999254e+00,1.294999999999999929e+00,9.249018918954606816e-01,6.205592624543382341e-02,1.304218185910559040e-02
4.839999999999998970e+00,1.294999999999999929e+00,9.321584884895236511e-01,5.631012909324674409e-02,1.153138241722949722e-02
5.019999999999998685e+00,1.294999999999999929e+00,9.383411128875102092e-01,5.138776809400499163e-02,1.027111901848481133e-02
5.199999999999998401e+00,1.294999999999999929e+00,9.436213160050326287e-01,4.716309826790620469e-02,9.215585727061050350e-03
5.379999999999998117e+00,1.294999999999999929e+00,9.481435276425160819e-01,4.352880345800712314e-02,8.327668899476852252e-03
5.559999999999997833e+00,1.294999999999999929e+00,9.520286530788797386e-01,4.039399593757614371e-02,7.577350983543950334e-03
5.739999999999997549e+00,1.294999999999999929e+00,9.553775407666919017e-01,3.768209790718172331e-02,6.940361326126294299e-03
5.919999999999997264e+00,1.294999999999999929e+00,9.582741452669382154e-01,3.532879549705154193e-02,6.397059236010180228e-03
6.099999999999996980e+00,1.294999999999999929e+00,9.607883112656958602e-01,3.328016608117260328e-02,5.931522653131606794e-03
6.279999999999996696e+00,1.294999999999999929e+00,9.629781658649692044e-01,3.149102212286295638e-02,5.530812012167971026e-03
6.459999999999996412e+00,1.294999999999999929e+00,9.648921403607176872e-01,2.992348001428755955e-02,5.184379624994761918e-03
6.639999999999996128e+00,1.294999999999999929e+00,9.665706592131174668e-01,2.854574294952107183e-02,4.883597837361480440e-03
6.819999999999995843e+00,1.294999999999999929e+00,9.680475397615446731e-01,2.733107726925898193e-02,4.621382969196286862e-03
6.999999999999995559e+00,1.294999999999999929e+00,9.693511460276116321e-01,2.625695810463243157e-02,4.391895867755840101e-03
7.179999999999995275e+00,1.294999999999999929e+00,9.705053366050224728e-01,2.530435998339039538e-02,4.190303411587044218e-03
7.359999999999994991e+00,1.294999999999999929e+00,9.715302419325113625e-01,2.445716972000676337e-02,4.012588347481933077e-03
7.539999999999994706e+00,1.294999999999999929e+00,9.724429012119084614e-01,2.370170139638367451e-02,3.855397391708062244e-03
7.719999999999994422e+00,1.294999999999999929e+00,9.732577844189058691e-01,2.302629596907342438e-02,3.715919612020630609e-03
4.299999999999999822e+00,1.589999999999999858e+00,8.398320436274241407e-01,1.284106725444334463e-01,3.175728382814251710e-02
4.479999999999999538e+00,1.589999999999999858e+00,8.595506277198370348e-01,1.133928200373101186e-01,2.705655224285282920e-02
4.659999999999999254e+00,1.589999999999999858e+00,8.764527921400032673e-01,1.003884250999180494e-01,2.315878276007874575e-02
4.839999999999998970e+00,1.589999999999999858e+00,8.908778154118419668e-01,8.918956509962917834e-02,1.993261948852894511e-02
5.019999999999998685e+00,1.589999999999999858e+00,9.031558839580232645e-01,7.958095581326649071e-02,1.726316022871013378e-02
5.199999999999998401e+00,1.589999999999999858e+00,9.135936336935778224e-01,7.135413372966704915e-02,1.505223257675497237e-02
5.379999999999998117e+00,1.589999999999999858e+00,9.224665572184496121e-01,6.431601522444269081e-02,1.321742755710777519e-02
5.559999999999997833e+00,1.589999999999999858e+00,9.300163096509639349e-01,5.829322441788594572e-02,1.169046593115016276e-02
5.739999999999997549e+00,1.589999999999999858e+00,9.364511985353589640e-01,5.313349807489493870e-02,1.041530338974610767e-02
5.919999999999997264e+00,1.589999999999999858e+00,9.419485306529256086e-01,4.870523677396892265e-02,9.346232573105539912e-03
6.099999999999996980e+00,1.589999999999999858e+00,9.466578753349778053e-01,4.489599762084387630e-02,8.446127044178526611e-03
6.279999999999996696e+00,1.589999999999999858e+00,9.507046277132384926e-01,4.161047741461339905e-02,7.684894872148292227e-03
6.459999999999996412e+00,1.589999999999999858e+00,9.541934993246512509e-01,3.876833981038734639e-02,7.038160864961499029e-03
6.639999999999996128e+00,1.589999999999999858e+00,9.572117336934470311e-01,3.630209749486813103e-02,6.486168811684765029e-03
6.819999999999995843e+00,1.589999999999999858e+00,9.598319557354728637e-01,3.415516290644068920e-02,6.012881358086408050e-03
6.999999999999995559e+00,1.589999999999999858e+00,9.621146319194522345e-01,3.228011807631549906e-02,5.605250004232155414e-03
7.179999999999995275e+00,1.589999999999999858e+00,9.641101566624601382e-01,3.063721586387605986e-02,5.252627473663780237e-03
7.359999999999994991e+00,1.589999999999999858e+00,9.658605998219781386e-01,2.919310321582016185e-02,4.946296962201704797e-03
7.539999999999994706e+00,1.589999999999999858e+00,9.674011577582641852e-01,2.791974616567627701e-02,4.679096076059503090e-03
7.719999999999994422e+00,1.589999999999999858e+00,9.687613512471359156e-01,2.679353196279714994e-02,4.445116790067049801e-03
4.299999999999999822e+00,1.884999999999999787e+00,7.184130723428862053e-01,2.198835013168772279e-01,6.170342634023652517e-02
4.479999999999999538e+00,1.884999999999999787e+00,7.527413281766344166e-01,1.948584731835063810e-01,5.240019863985917459e-02
4.659999999999999254e+00,1.884999999999999787e+00,7.834292353713907531e-01,1.721181159904499047e-01,4.445264863815937689e-02
4.839999999999998970e+00,1.884999999999999787e+00,8.104930987892862149e-01,1.517772712700496407e-01,3.772962994066418607e-02
5.019999999999998685e+00,1.884999999999999787e+00,8.340957064096117257e-01,1.338177508215437905e-01,3.208654276884453233e-02
5.199999999999998401e+00,1.884999999999999787e+00,8.544985623339742542e-01,1.181243485170037216e-01,2.737708914902205540e-02
5.379999999999998117e+00,1.884999999999999787e+00,8.720183937537331342e-01,1.045197306313953578e-01,2.346187561487156348e-02
5.559999999999997833e+00,1.884999999999999787e+00,8.869922325555903431e-01,9.279395266467878323e-02,2.021381477973083901e-02
5.739999999999997549e+00,1.884999999999999787e+00,8.997522930101795602e-01,8.272689355847714920e-02,1.752081343134321775e-02
5.919999999999997264e+00,1.884999999999999787e+00,9.106098599337804078e-01,7.410369112010141424e-02,1.528644894611813979e-02
6.099999999999996980e+00,1.884999999999999787e+00,9.198464322533742576e-01,6.672423996628475129e-02,1.342932778034084187e-02
6.279999999999996696e+00,1.884999999999999787e+00,9.277101441952366745e-01,6.040815803458342292e-02,1.188169777017984534e-02
6.459999999999996412e+00,1.884999999999999787e+00,9.344156863644544897e-01,5.499658341463639633e-02,1.058773022090901857e-02
6.639999999999996128e+00,1.884999999999999787e+00,9.401463218736589855e-01,5.035193413735895851e-02,9.501743988982061170e-03
6.819999999999995843e+00,1.884999999999999787e+00,9.450569852395626080e-01,4.635648402357185616e-02,8.586530736865549684e-03
6.999999999999995559e+00,1.884999999999999787e+00,9.492777895527612086e-01,4.291034959104125801e-02,7.811860856197597527e-03
7.179999999999995275e+00,1.884999999999999787e+00,9.529175265971766562e-01,3.992927517128826848e-02,7.153198231535083142e-03
7.359999999999994991e+00,1.884999999999999787e+00,9.560669280316300700e-01,3.734245010892692229e-02,6.590621859443004243e-03
7.539999999999994706e+00,1.884999999999999787e+00,9.588015772362944444e-01,3.509048616308165641e-02,6.107936600623884403e-03
7.719999999999994422e+00,1.884999999999999787e+00,9.611844369111406383e-01,3.312361437878991177e-02,5.691948710069450780e-03
4.299999999999999822e+00,2.179999999999999716e+00,5.403667304475457955e-01,3.467642423296101173e-01,1.128690272228440733e-01
4.479999999999999538e+00,2.179999999999999716e+00,5.855096494781654171e-01,3.164641088157055804e-01,9.802624170612896093e-02
4.659999999999999254e+00,2.179999999999999716e+00,6.292231650713941971e-01,2.862193140647246725e-01,8.455752086388122757e-02
4.839999999999998970e+00,2.179999999999999716e+00,6.706590032561201564e-01,2.568172089013842085e-01,7.252378784249563504e-02
5.019999999999998685e+00,2.179999999999999716e+00,7.091523987539204432e-01,2.289168576854022641e-01,6.193074356067727881e-02
5.199999999999998401e+00,2.179999999999999716e+00,7.442590317658940302e-01,2.030085005573779855e-01,5.273246767672787327e-02
5.379999999999998117e+00,2.179999999999999716e+00,7.757578459355753964e-01,1.794011636074506755e-01,4.484099045697395591e-02
5.559999999999997833e+00,2.179999999999999716e+00,8.036260633394688435e-01,1.582348213041724350e-01,3.813911535635867989e-02
5.739999999999997549e+00,2.179999999999999716e+00,8.279972563391500007e-01,1.395090500778007059e-01,3.249369358304933508e-02
5.919999999999997264e+00,2.179999999999999716e+00,8.491136779189323303e-01,1.231190812933992407e-01,2.776724078766846029e-02
6.099999999999996980e+00,2.179999999999999716e+00,8.672814968587759799e-01,1.088917309160808006e-01,2.382677222514326468e-02
6.279999999999996696e+00,2.179999999999999716e+00,8.828339700569517445e-01,9.661641164793043079e-02,2.054961829511784896e-02
6.459999999999996412e+00,2.179999999999999716e+00,8.961043277872178248e-01,8.606910301359052551e-02,1.782656919919167401e-02
6.639999999999996128e+00,2.179999999999999716e+00,9.074079128551674200e-01,7.702911823500735444e-02,1.556296890982511449e-02
6.819999999999995843e+00,2.179999999999999716e+00,9.170319538381408453e-01,6.928962978212803436e-02,1.367841637973121575e-02
6.999999999999995559e+00,2.179999999999999716e+00,9.252310046679189659e-01,6.266335612512582975e-02,1.210563920695529976e-02
7.179999999999995275e+00,2.179999999999999716e+00,9.322262184805532037e-01,5.698481711556119267e-02,1.078896440388566261e-02
7.359999999999994991e+00,2.179999999999999716e+00,9.382069746121215470e-01,5.211035259262180447e-02,9.682672795256676290e-03
7.539999999999994706e+00,2.179999999999999716e+00,9.433337722476041742e-01,4.791681688355438340e-02,8.749410868841551656e-03
7.719999999999994422e+00,2.179999999999999716e+00,9.477416546449375367e-01,4.429959321386717219e-02,7.958752141195277185e-03
4.299999999999999822e+00,2.474999999999999645e+00,3.548851143835266564e-01,4.655517311895199795e-01,1.795631544269533086e-01
4.479999999999999538e+00,2.474999999999999645e+00,3.956352771949547265e-01,4.428693310899101676e-01,1.614953917151349672e-01
4.659999999999999254e+00,2.474999999999999645e+00,4.387553070500274655e-01,4.171416215365446600e-01,1.441030714134277635e-01
4.839999999999998970e+00,2.474999999999999645e+00,4.835127782591137069e-01,3.889366161049331305e-01,1.275506056359531903e-01
5.019999999999998685e+00,2.474999999999999645e+00,5.290158170957459660e-01,3.589816732309309977e-01,1.120025096733230363e-01
5.199999999999998401e+00,2.474999999999999645e+00,5.742851254678326134e-01,3.281078255607539629e-01,9.760704897141342373e-02
5.379999999999998117e+00,2.474999999999999645e+00,6.183449671384607660e-01,2.971750229925529951e-01,8.448000986898614173e-02
5.559999999999997833e+00,2.474999999999999645e+00,6.603153609656944312e-01,2.669924194702785747e-01,7.269221956402692475e-02
5.739999999999997549e+00,2.474999999999999645e+00,6.994869249039925574e-01,2.382495630623615024e-01,6.226351203364591247e-02
5.919999999999997264e+00,2.474999999999999645e+00,7.353652431000999856e-01,2.114707538260002240e-01,5.316400307389994306e-02
6.099999999999996980e+00,2.474999999999999645e+00,7.676807512017602697e-01,1.869976579246152570e-01,4.532159087362455652e-02
6.279999999999996696e+00,2.474999999999999645e+00,7.963689694453743861e-01,1.649977324208347085e-01,3.863329813379077354e-02
6.459999999999996412e+00,2.474999999999999645e+00,8.215313538888131539e-01,1.454908960879265356e-01,3.297775002326039373e-02
6.639999999999996128e+00,2.474999999999999645e+00,8.433881823428807101e-01,1.283852362421134818e-01,2.822658141500575951e-02
6.819999999999995843e+00,2.474999999999999645e+00,8.622327870908687020e-01,1.135137505795922180e-01,2.425346232953909734e-02
6.999999999999995559e+00,2.474999999999999645e+00,8.783929184010621505e-01,1.006667695558710884e-01,2.094031204306670557e-02
7.179999999999995275e+00,2.474999999999999645e+00,8.922016206051249787e-01,8.961747594649972781e-02,1.818090344837542879e-02
7.359999999999994991e+00,2.474999999999999645e+00,9.039775421886173667e-01,8.014007040225122613e-02,1.588238740913134467e-02
7.539999999999994706e+00,2.474999999999999645e+00,9.140132366305459000e-01,7.202141086890975763e-02,1.396535250054438924e-02
7.719999999999994422e+00,2.474999999999999645e+00,9.225695216764723261e-01,6.506750347870501883e-02,1.236297484482271579e-02
4.299999999999999822e+00,2.769999999999999574e+00,2.169361763488574235e-01,5.342811902611719344e-01,2.487826333899706421e-01
4.479999999999999538e+00,2.769999999999999574e+00,2.440415456234616420e-01,5.257580303150642953e-01,2.302004240614740904e-01
4.659999999999999254e+00,2.769999999999999574e+00,2.744386504554646167e-01,5.137230566737022164e-01,2.118382928708332780e-01
4.839999999999998970e+00,2.769999999999999574e+00,3.081915081532752843e-01,4.980507143227566047e-01,1.937577775239682776e-01
5.019999999999998685e+00,2.769999999999999574e+00,3.452144791585960437e-01,4.787442940696989835e-01,1.760412267717049728e-01
5.199999999999998401e+00,2.769999999999999574e+00,3.852350742831927577e-01,4.559698057320926701e-01,1.587951199847145445e-01
5.379999999999998117e+00,2.769999999999999574e+00,4.277716056946089251e-01,4.300790798975661633e-01,1.421493144078249393e-01
5.559999999999997833e+00,2.769999999999999574e+00,4.721358751995862746e-01,4.016131014871809346e-01,1.262510233132327908e-01
5.739999999999997549e+00,2.769999999999999574e+00,5.174677434209282723e-01,3.712787934411053703e-01,1.112534631379663019e-01
5.919999999999997264e+00,2.769999999999999574e+00,5.628012473058152665e-01,3.398980838321822295e-01,9.730066886200262888e-02
6.099999999999996980e+00,2.769999999999999574e+00,6.071528443206776204e-01,3.083357532775187204e-01,8.451140240180374241e-02
6.279999999999996696e+00,2.769999999999999574e+00,6.496149847386578635e-01,2.774193230736246019e-01,7.296569218771756238e-02
6.459999999999996412e+00,2.769999999999999574e+00,6.894360559307072256e-01,2.478669894248011485e-01,6.269695464449152877e-02
6.639999999999996128e+00,2.769999999999999574e+00,7.260719889298787866e-01,2.202369597036807347e-01,5.369105136644056891e-02
6.819999999999995843e+00,2.769999999999999574e+00,7.592034851839447596e-01,1.949047933537184640e-01,4.589172146233679028e-02
6.999999999999995559e+00,2.769999999999999574e+00,7.887220264783268986e-01,1.720675979589478821e-01,3.921037556272520541e-02
7.179999999999995275e+00,2.769999999999999574e+00,8.146941264445055619e-01,1.517681893044648678e-01,3.353768425102950090e-02
7.359999999999994991e+00,2.769999999999999574e+00,8.373152870530556902e-01,1.339300199323060769e-01,2.875469301463823638e-02
7.539999999999994706e+00,2.769999999999999574e+00,8.568635621600602104e-01,1.183944555434997548e-01,2.474198229644011468e-02
7.719999999999994422e+00,2.769999999999999574e+00,8.736592663628749422e-01,1.049544804179665114e-01,2.138625321915852209e-02
4.299999999999999822e+00,3.064999999999999503e+00,1.338517477238980735e-01,5.517300395685036385e-01,3.144182127075983990e-01
4.479999999999999538e+00,3.064999999999999503e+00,1.494369927381617447e-01,5.545119425356778153e-01,2.960510647261603845e-01
4.659999999999999254e+00,3.064999999999999503e+00,1.672716790616974314e-01,5.549079610570599730e-01,2.778203598812425956e-01
4.839999999999998970e+00,3.064999999999999503e+00,1.876405129793639326e-01,5.526088983539891863e-01,2.597505886666469088e-01
5.019999999999998685e+00,3.064999999999999503e+00,2.108235036782308558e-01,5.473145363149493070e-01,2.418619600068198927e-01
5.199999999999998401e+00,3.064999999999999503e+00,2.370727142111072328e-01,5.387520145678293959e-01,2.241752712210633158e-01
5.379999999999998117e+00,3.064999999999999503e+00,2.665807902379870864e-01,5.267011565254111627e-01,2.067180532366018342e-01
5.559999999999997833e+00,3.064999999999999503e+00,2.994422904677376818e-01,5.110263556597971490e-01,1.895313538724650859e-01
5.739999999999997549e+00,3.064999999999999503e+00,3.356113830539405596e-01,4.917125451398245417e-01,1.726760718062348987e-01
5.919999999999997264e+00,3.064999999999999503e+00,3.748626138230896077e-01,4.689000452380516770e-01,1.562373409388587153e-01
6.099999999999996980e+00,3.064999999999999503e+00,4.167642491096562041e-01,4.429104556825246841e-01,1.403252952078191673e-01
6.279999999999996696e+00,3.064999999999999503e+00,4.606746197986399394e-01,4.142545196299278198e-01,1.250708605714323240e-01
6.459999999999996412e+00,3.064999999999999503e+00,5.057693901851706419e-01,3.836144419558527030e-01,1.106161678589767383e-01
6.639999999999996128e+00,3.064999999999999503e+00,5.511012160600274878e-01,3.517981534497397478e-01,9.710063049023263948e-02
6.819999999999995843e+00,3.064999999999999503e+00,5.956843013689399058e-01,3.196704864907835009e-01,8.464521214027659335e-02
6.999999999999995559e+00,3.064999999999999503e+00,6.385882939149161164e-01,2.880734456934920806e-01,7.333826039159181687e-02
7.179999999999995275e+00,3.064999999999999503e+00,6.790225052141214412e-01,2.577514722964221461e-01,6.322602248945644043e-02
7.359999999999994991e+00,3.064999999999999503e+00,7.163943987874912267e-01,2.292959758665877035e-01,5.430962534592109064e-02
7.539999999999994706e+00,3.064999999999999503e+00,7.503343008948515358e-01,2.031172307946965960e-01,4.654846831045181266e-02
7.719999999999994422e+00,3.064999999999999503e+00,7.806876824428680139e-01,1.794439039579220629e-01,3.986841359921002720e-02
4.299999999999999822e+00,3.359999999999999432e+00,8.729225116000600970e-02,5.361776562304794158e-01,3.765300926095146439e-01
4.479999999999999538e+00,3.359999999999999432e+00,9.606639002597190669e-02,5.455292245045626487e-01,3.584043854694654585e-01
4.659999999999999254e+00,3.359999999999999432e+00,1.060779153025893651e-01,5.535953560734891976e-01,3.403267286239214373e-01
4.839999999999998970e+00,3.359999999999999432e+00,1.175229637344059747e-01,5.601252309788991024e-01,3.223518052866949368e-01
5.019999999999998685e+00,3.359999999999999432e+00,1.306244407100943805e-01,5.648522987608139978e-01,3.045232605290917327e-01
5.199999999999998401e+00,3.359999999999999432e+00,1.456311540516667946e-01,5.674957155202448034e-01,2.868731304280883743e-01
5.379999999999998117e+00,3.359999999999999432e+00,1.628139844354339338e-01,5.677636037740941832e-01,2.694224117904719384e-01
5.559999999999997833e+00,3.359999999999999432e+00,1.824577008587224269e-01,5.653593285089907328e-01,2.521829706322869513e-01
5.739999999999997549e+00,3.359999999999999432e+00,2.048468502404771630e-01,5.599922247419740762e-01,2.351609250175488441e-01
5.919999999999997264e+00,3.359999999999999432e+00,2.302442542698182881e-01,5.513942301121053102e-01,2.183615156180764849e-01
6.099999999999996980e+00,3.359999999999999432e+00,2.588612796640338276e-01,5.393434558977530102e-01,2.017952644382131067e-01
6.279999999999996696e+00,3.359999999999999432e+00,2.908204728898088898e-01,5.236946295275800578e-01,1.854848975826111079e-01
6.459999999999996412e+00,3.359999999999999432e+00,3.261135071623588177e-01,5.044144042075088263e-01,1.694720886301324392e-01
6.639999999999996128e+00,3.359999999999999432e+00,3.645604643078156348e-01,4.816168813016463157e-01,1.538226543905380495e-01
6.819999999999995843e+00,3.359999999999999432e+00,4.057794601635975607e-01,4.555919544937944154e-01,1.386285853426080794e-01
6.999999999999995559e+00,3.359999999999999432e+00,4.491770855879736457e-01,4.268174567042559153e-01,1.240054577077704806e-01
7.179999999999995275e+00,3.359999999999999432e+00,4.939684530885756208e-01,3.959470117883621132e-01,1.100845351230622382e-01
7.359999999999994991e+00,3.359999999999999432e+00,5.392299750792997060e-01,3.637698429724989246e-01,9.700018194820131390e-02
7.539999999999994706e+00,3.359999999999999432e+00,5.839793584616984612e-01,3.311459433383195372e-01,8.487469819998204323e-02
7.719999999999994422e+00,3.359999999999999432e+00,6.272687399042806700e-01,2.989275351919855050e-01,7.380372490373386662e-02
4.299999999999999822e+00,3.654999999999999361e+00,6.087511385733564151e-02,5.036518031608701040e-01,4.354730829817943238e-01
4.479999999999999538e+00,3.654999999999999361e+00,6.601253316786319381e-02,5.160874550334693112e-01,4.179000117986675367e-01
4.659999999999999254e+00,3.654999999999999361e+00,7.180617313663421875e-02,5.280123499323244873e-01,4.001814769310413356e-01
4.839999999999998970e+00,3.654999999999999361e+00,7.835840231871592232e-02,5.392442772190476630e-01,3.823973204622363453e-01
5.019999999999998685e+00,3.654999999999999361e+00,8.578969389056514960e-02,5.495872192084845231e-01,3.646230869009503550e-01
5.199999999999998401e+00,3.654999999999999361e+00,9.424131927629518513e-02,5.588314113293667562e-01,3.469272693943380448e-01
5.379999999999998117e+00,3.654999999999999361e+00,1.038779661883991456e-01,5.667531620365159339e-01,3.293688717750848927e-01
5.559999999999997833e+00,3.654999999999999361e+00,1.148899555154732216e-01,5.731145563244173236e-01,3.119954881601094132e-01
5.739999999999997549e+00,3.654999999999999361e+00,1.274945477949009087e-01,5.776633542962307244e-01,2.948420979088683946e-01
5.919999999999997264e+00,3.654999999999999361e+00,1.419355891528263913e-01,5.801336443106418495e-01,2.779307665365317592e-01
6.099999999999996980e+00,3.654999999999999361e+00,1.584804582218252988e-01,5.802481086342302641e-01,2.612714331439445203e-01
6.279999999999996696e+00,3.654999999999999361e+00,1.774129788509533345e-01,5.777230745296555448e-01,2.448639466193911485e-01
6.459999999999996412e+00,3.654999999999999361e+00,1.990207474680074362e-01,5.722777808692209867e-01,2.287014716627715771e-01
6.639999999999996128e+00,3.654999999999999361e+00,2.235753477553451274e-01,5.636493559409889720e-01,2.127752963036660394e-01
6.819999999999995843e+00,3.654999999999999361e+00,2.513044221917742904e-01,5.516146753820405646e-01,1.970809024261851727e-01
6.999999999999995559e+00,3.654999999999999361e+00,2.823558076471922029e-01,5.360193100229914132e-01,1.816248823298163839e-01
7.179999999999995275e+00,3.654999999999999361e+00,3.167561024882328269e-01,5.168119977196512504e-01,1.664318997921160337e-01
7.359999999999994991e+00,3.654999999999999361e+00,3.543689966582403428e-01,4.940805339796797147e-01,1.515504693620800813e-01
7.539999999999994706e+00,3.654999999999999361e+00,3.948617946623796393e-01,4.680821875018563727e-01,1.370560178357639047e-01
7.719999999999994422e+00,3.654999999999999361e+00,4.376904767212671521e-01,4.392597986228707896e-01,1.230497246558621138e-01
4.299999999999999822e+00,3.949999999999999289e+00,4.518059732606418549e-02,4.644702435317393796e-01,4.903491591421964002e-01
4.479999999999999538e+00,3.949999999999999289e+00,4.836323416231014249e-02,4.777311495743670755e-01,4.739056162633227265e-01
4.659999999999999254e+00,3.949999999999999289e+00,5.190808731455263947e-02,4.910039553803773327e-01,4.570879573050699030e-01
4.839999999999998970e+00,3.949999999999999289e+00,5.586562989801705653e-02,5.041609993346416463e-01,4.399733707673413874e-01
5.019999999999998685e+00,3.949999999999999289e+00,6.029531752228131647e-02,5.170611979227927035e-01,4.226434845549258412e-01
5.199999999999998401e+00,3.949999999999999289e+00,6.526736144143586993e-02,5.295507740103190253e-01,4.051818645482451187e-01
5.379999999999998117e+00,3.949999999999999289e+00,7.086477829393446337e-02,5.414639693288439970e-01,3.876712523772215535e-01
5.559999999999997833e+00,3.949999999999999289e+00,7.718571052671788224e-02,5.526235967467186816e-01,3.701906927265634084e-01
5.739999999999997549e+00,3.949999999999999289e+00,8.434597961033118985e-02,5.628413003280573479e-01,3.528127200616114623e-01
5.919999999999997264e+00,3.949999999999999289e+00,9.248178207886256774e-02,5.719174358387438817e-01,3.356007820823935228e-01
6.099999999999996980e+00,3.949999999999999289e+00,1.017523573536698173e-01,5.796405687218424418e-01,3.186070739244876715e-01
6.279999999999996696e+00,3.949999999999999289e+00,1.123423355093832038e-01,5.857867176116475783e-01,3.018709468789691486e-01
6.459999999999996412e+00,3.949999999999999289e+00,1.244633017927791463e-01,5.901186549754325883e-01,2.854180432317882099e-01
6.639999999999996128e+00,3.949999999999999289e+00,1.383538860625990463e-01,5.923858147221967574e-01,2.692602992152041130e-01
6.819999999999995843e+00,3.949999999999999289e+00,1.542774049004586867e-01,5.923256426573476618e-01,2.533969524421937347e-01
6.999999999999995559e+00,3.949999999999999289e+00,1.725157834730768613e-01,5.896675326311857646e-01,2.378166838957373741e-01
7.179999999999995275e+00,3.949999999999999289e+00,1.933582402426105018e-01,5.841407559195685995e-01,2.225010038378209265e-01
7.359999999999994991e+00,3.949999999999999289e+00,2.170831735655966710e-01,5.754878950315712727e-01,2.074289314028321396e-01
7.539999999999994706e+00,3.949999999999999289e+00,2.439320639431413473e-01,5.634850500074903845e-01,1.925828860493682682e-01
7.719999999999994422e+00,3.949999999999999289e+00,2.740752654729229354e-01,5.479692608765068806e-01,1.779554736505702117e-01
4.299999999999999822e+00,4.244999999999999218e+00,3.536506616663814134e-02,4.248809559309172368e-01,5.397539779024446149e-01
4.479999999999999538e+00,4.244999999999999218e+00,3.744303307403287068e-02,4.375609144565437703e-01,5.249960524694233799e-01
4.659999999999999254e+00,4.244999999999999218e+00,3.973502543816113258e-02,4.505817962134610055e-01,5.096831783483778411e-01
4.839999999999998970e+00,4.244999999999999218e+00,4.226668588693145712e-02,4.638649843954586460e-01,4.938683297176099107e-01
5.019999999999998685e+00,4.244999999999999218e+00,4.506774249481174804e-02,4.773181959576864308e-01,4.776140615475018003e-01
5.199999999999998401e+00,4.244999999999999218e+00,4.817286585583458597e-02,4.908357017498592989e-01,4.609914323943060666e-01
5.379999999999998117e+00,4.244999999999999218e+00,5.162270791496219313e-02,5.042988629451714555e-01,4.440784291398662820e-01
5.559999999999997833e+00,4.244999999999999218e+00,5.546514930789367415e-02,5.175769223807873409e-01,4.269579283113189572e-01
5.739999999999997549e+00,4.244999999999999218e+00,5.975678101411224796e-02,5.305279501266129127e-01,4.097152688592748948e-01
5.919999999999997264e+00,4.244999999999999218e+00,6.456464241586626351e-02,5.429998092645638152e-01,3.924355483195700600e-01
6.099999999999996980e+00,4.244999999999999218e+00,6.996822952789594208e-02,5.548309870712514469e-01,3.752007834008526665e-01
6.279999999999996696e+00,4.244999999999999218e+00,7.606177128602981119e-02,5.658511350875552459e-01,3.580870936264150539e-01
6.459999999999996412e+00,4.244999999999999218e+00,8.295674391049381868e-02,5.758811849312313047e-01,3.411620711582749044e-01
6.639999999999996128e+00,4.244999999999999218e+00,9.078454710267819250e-02,5.847329605224588223e-01,3.244824923748628742e-01
6.819999999999995843e+00,4.244999999999999218e+00,9.969919259960965952e-02,5.922082966531911907e-01,3.080925107471991775e-01
6.999999999999995559e+00,4.244999999999999218e+00,1.098797448517581793e-01,5.980978036177271306e-01,2.920224515305146484e-01
7.179999999999995275e+00,4.244999999999999218e+00,1.215320941975620433e-01,6.021795929766765587e-01,2.762883128257614396e-01
7.359999999999994991e+00,4.244999999999999218e+00,1.348894267849531925e-01,6.042185036803383591e-01,2.608920695347085039e-01
7.539999999999994706e+00,4.244999999999999218e+00,1.502104847853077962e-01,6.039666371406831047e-01,2.458228780740091268e-01
7.719999999999994422e+00,4.244999999999999218e+00,1.677744100327333288e-01,6.011663040763924881e-01,2.310592858908742386e-01
4.299999999999999822e+00,4.539999999999999147e+00,2.894421100071433578e-02,3.884256223385783025e-01,5.826301666607073271e-01
4.479999999999999538e+00,4.539999999999999147e+00,3.035830294919690531e-02,3.997446547305111286e-01,5.698970423202919244e-01
4.659999999999999254e+00,4.539999999999999147e+00,3.190793510516885811e-02,4.115758839839567251e-01,5.565161809108744029e-01
4.839999999999998970e+00,4.539999999999999147e+00,3.360716939119096081e-02,4.238831439372178211e-01,5.425096866715912736e-01
5.019999999999998685e+00,4.539999999999999147e+00,3.547190932631471422e-02,4.366184107861921793e-01,5.279096798874930441e-01
5.199999999999998401e+00,4.539999999999999147e+00,3.752026610428398079e-02,4.497211233396791186e-01,5.127586105560367757e-01
5.379999999999998117e+00,4.539999999999999147e+00,3.977301492661602933e-02,4.631177972854207958e-01,4.971091877879633136e-01
5.559999999999997833e+00,4.539999999999999147e+00,4.225416034035574947e-02,4.767219771935255479e-01,4.810238624661187234e-01
5.739999999999997549e+00,4.539999999999999147e+00,4.499163135732615892e-02,4.904345444637995821e-01,4.645738241788742173e-01
5.919999999999997264e+00,4.539999999999999147e+00,4.801812891744763889e-02,5.041443658209722178e-01,4.478375052615801710e-01
6.099999999999996980e+00,4.539999999999999147e+00,5.137214964224844777e-02,5.177292279950469478e-01,4.308986223627046530e-01
6.279999999999996696e+00,4.539999999999999147e+00,5.509921052036279715e-02,5.310569641388862561e-01,4.138438253407509260e-01
6.459999999999996412e+00,4.539999999999999147e+00,5.925329863965010657e-02,5.439866417000365217e-01,3.967600596603134688e-01
6.639999999999996128e+00,4.539999999999999147e+00,6.389856735519632014e-02,5.563696557094230943e-01,3.797317769353805161e-01
6.819999999999995843e+00,4.539999999999999147e+00,6.911129367529646184e-02,5.680505613270203646e-01,3.628381449976832429e-01
6.999999999999995559e+00,4.539999999999999147e+00,7.498209842078526477e-02,5.788674896844887563e-01,3.461504118947259512e-01
7.179999999999995275e+00,4.539999999999999147e+00,8.161840666692531110e-02,5.886520252305822432e-01,3.297295681024925984e-01
7.359999999999994991e+00,4.539999999999999147e+00,8.914708503556736940e-02,5.972284838450545585e-01,3.136244311193780443e-01
7.539999999999994706e+00,4.539999999999999147e+00,9.771712633320052410e-02,6.044126219218893814e-01,2.978702517449100529e-01
7.719999999999994422e+00,4.539999999999999147e+00,1.075021505723013776e-01,6.100099313084414998e-01,2.824879181192571642e-01
4.299999999999999822e+00,4.834999999999999076e+00,2.459222593476738383e-02,3.567788532127701417e-01,6.186289208524623495e-01
4.479999999999999538e+00,4.834999999999999076e+00,2.558399894835704236e-02,3.664160868812800231e-01,6.079999141703628096e-01
4.659999999999999254e+00,4.834999999999999076e+00,2.666660494258935379e-02,3.766183660886867623e-01,5.967150289687238596e-01
4.839999999999998970e+00,4.834999999999999076e+00,2.784852406014457632e-02,3.873808750939142787e-01,5.847706008459410132e-01
5.019999999999998685e+00,4.834999999999999076e+00,2.913911486921239719e-02,3.986904452817478517e-01,5.721704398490397026e-01
5.199999999999998401e+00,4.834999999999999076e+00,3.054875674884888551e-02,4.105244097070879228e-01,5.589268335440632507e-01
5.379999999999998117e+00,4.834999999999999076e+00,3.208903074001263900e-02,4.228495568269509119e-01,5.450614124330364074e-01
5.559999999999997833e+00,4.834999999999999076e+00,3.377294921102746289e-02,4.356212513523138874e-01,5.306057994366585318e-01
5.739999999999997549e+00,4.834999999999999076e+00,3.561524647793016390e-02,4.487827911230934941e-01,5.156019623989763767e-01
5.919999999999997264e+00,4.834999999999999076e+00,3.763274432072322151e-02,4.622650625679365910e-01,5.001021931113401875e-01
6.099999999999996980e+00,4.834999999999999076e+00,3.984480809141002083e-02,4.759865422690077175e-01,4.841686496395822270e-01
6.279999999999996696e+00,4.834999999999999076e+00,4.227391077908855543e-02,4.898536679789666781e-01,4.678724212419448913e-01
6.459999999999996412e+00,4.834999999999999076e+00,4.494632395835978372e-02,5.037615700406106178e-01,4.512921060010295915e-01
6.639999999999996128e+00,4.834999999999999076e+00,4.789295597899407425e-02,5.175951159914773392e-01,4.345119280295285935e-01
6.819999999999995843e+00,4.834999999999999076e+00,5.115035899596714897e-02,5.312301811148364417e-01,4.176194598891962984e-01
6.999999999999995559e+00,4.834999999999999076e+00,5.476192730634751871e-02,5.445350208041969120e-01,4.007030518894555970e-01
7.179999999999995275e+00,4.834999999999999076e+00,5.877930951631123863e-02,5.573715921998797507e-01,3.838490982838088650e-01
7.359999999999994991e+00,4.834999999999999076e+00,6.326405542774436730e-02,5.695966575776363339e-01,3.671392869946192850e-01
7.539999999999994706e+00,4.834999999999999076e+00,6.828951363233690119e-02,5.810625042785502181e-01,3.506479820891128529e-01
7.719999999999994422e+00,4.834999999999999076e+00,7.394298503834553782e-02,5.916171380351062936e-01,3.344398769265481963e-01
4.299999999999999822e+00,5.129999999999999005e+00,2.156229517407511412e-02,3.303838038398471677e-01,6.480539009860777355e-01
4.479999999999999538e+00,5.129999999999999005e+00,2.227284303534617788e-02,3.383210937721805034e-01,6.394060631924733951e-01
4.659999999999999254e+00,5.129999999999999005e+00,2.304677060987305945e-02,3.468005152585407203e-01,6.301527141315862446e-01
4.839999999999998970e+00,5.129999999999999005e+00,2.388965041884766327e-02,3.558362262936106690e-01,6.202741232875417232e-01
5.019999999999998685e+00,5.129999999999999005e+00,2.480752933325856488e-02,3.654377039841775199e-01,6.097547666825638979e-01
5.199999999999998401e+00,5.129999999999999005e+00,2.580698028835902783e-02,3.756086577563730877e-01,5.985843619552677630e-01
5.379999999999998117e+00,5.129999999999999005e+00,2.689516747316426579e-02,3.863458884525078907e-01,5.867589440743277152e-01
5.559999999999997833e+00,5.129999999999999005e+00,2.807992978328941597e-02,3.976381330797584823e-01,5.742819371369520809e-01
5.739999999999997549e+00,5.129999999999999005e+00,2.936988856519965815e-02,4.094649464343310674e-01,5.611651650004692016e-01
5.919999999999997264e+00,5.129999999999999005e+00,3.077458704418212579e-02,4.217956808876713315e-01,5.474297320681464907e-01
6.099999999999996980e+00,5.129999999999999005e+00,3.230467027185730811e-02,4.345886325074033163e-01,5.331066972207394450e-01
6.279999999999996696e+00,5.129999999999999005e+00,3.397211589644531793e-02,4.477904234118796900e-01,5.182374606916748672e-01
6.459999999999996412e+00,5.129999999999999005e+00,3.579052749439085718e-02,4.613356849207110866e-01,5.028737875848980909e-01
6.639999999999996128e+00,5.129999999999999005e+00,3.777550356229338741e-02,4.751470922296087696e-01,4.870774042080976973e-01
6.819999999999995843e+00,5.129999999999999005e+00,3.994509653730086984e-02,4.891357784728828650e-01,4.709191249898161402e-01
6.999999999999995559e+00,5.129999999999999005e+00,4.232037741243675766e-02,5.032021248913147726e-01,4.544774976962484003e-01
7.179999999999995275e+00,5.129999999999999005e+00,4.492612269426051602e-02,5.172368866437239143e-01,4.378369906620155350e-01
7.359999999999994991e+00,5.129999999999999005e+00,4.779164167632904414e-02,5.311225742656568993e-01,4.210857840580140565e-01
7.539999999999994706e+00,5.129999999999999005e+00,5.095176329044552588e-02,5.447349736030615563e-01,4.043132631064929594e-01
7.719999999999994422e+00,5.129999999999999005e+00,5.444800302951054854e-02,5.579446572996646925e-01,3.876073396708246688e-01
4.299999999999999822e+00,5.424999999999998934e+00,1.941015623660626715e-02,3.089668335121169562e-01,6.716230102512766864e-01
4.479999999999999538e+00,5.424999999999998934e+00,1.992693801303704534e-02,3.153542578767044580e-01,6.647188041102585210e-01
4.659999999999999254e+00,5.424999999999998934e+00,2.048914514679348736e-02,3.222217898289906346e-01,6.572890650242158017e-01
4.839999999999998970e+00,5.424999999999998934e+00,2.110066983325776385e-02,3.295923970501960509e-01,6.493069331165461922e-01
5.019999999999998685e+00,5.424999999999998934e+00,2.176570244050421085e-02,3.374871859424071197e-01,6.407471116170886383e-01
5.199999999999998401e+00,5.424999999999998934e+00,2.248875104095463678e-02,3.459246273590320109e-01,6.315866216000134425e-01
5.379999999999998117e+00,5.424999999999998934e+00,2.327466419213659182e-02,3.549196747050620271e-01,6.218056611028014435e-01
5.559999999999997833e+00,5.424999999999998934e+00,2.412865867746069939e-02,3.644827829537418684e-01,6.113885583687973524e-01
5.739999999999997549e+00,5.424999999999998934e+00,2.505635458751685057e-02,3.746188458709188152e-01,6.003247995415643690e-01
5.919999999999997264e+00,5.424999999999998934e+00,2.606382093876900147e-02,3.853260790823886395e-01,5.886100999788423938e-01
6.099999999999996980e+00,5.424999999999998934e+00,2.715763598562270092e-02,3.965948880223986728e-01,5.762474759919785638e-01
6.279999999999996696e+00,5.424999999999998934e+00,2.834496746516810065e-02,4.084067713264169508e-01,5.632482612084149798e-01
6.459999999999996412e+00,5.424999999999998934e+00,2.963367918694443867e-02,4.207333205188205083e-01,5.496330002942350079e-01
6.639999999999996128e+00,5.424999999999998934e+00,3.103247159370239178e-02,4.335353841633626804e-01,5.354321442429349487e-01
6.819999999999995843e+00,5.424999999999998934e+00,3.255106511529647084e-02,4.467624670385406671e-01,5.206864678461627927e-01
6.999999999999995559e+00,5.424999999999998934e+00,3.420043626017420235e-02,4.603524304712420800e-01,5.054471332685837037e-01
7.179999999999995275e+00,5.424999999999998934e+00,3.599311739768941421e-02,4.742315472384178721e-01,4.897753353638926721e-01
7.359999999999994991e+00,5.424999999999998934e+00,3.794357207306169044e-02,4.883149428101883904e-01,4.737414851167498497e-01
7.539999999999994706e+00,5.424999999999998934e+00,4.006865850522668693e-02,5.025074247778549275e-01,4.574239167169184550e-01
