sepal width (cm),petal length (cm),setosa,versicolor,virginica
2.000000000000000000e+00,1.000000000000000000e+00,9.437114417695106061e-01,5.610404137148661957e-02,1.845168590028683684e-04
2.040000000000000036e+00,1.000000000000000000e+00,9.469348216272057694e-01,5.289344664213535552e-02,1.717317306589057470e-04
2.080000000000000071e+00,1.000000000000000000e+00,9.498930480789713471e-01,4.994675461413034673e-02,1.601973068982090736e-04
2.120000000000000107e+00,1.000000000000000000e+00,9.526090265123221545e-01,4.724119738207908925e-02,1.497761055986253679e-04
2.160000000000000142e+00,1.000000000000000000e+00,9.551038229036973304e-01,4.475583029811425195e-02,1.403467981884689208e-04
2.200000000000000178e+00,1.000000000000000000e+00,9.573967617550711573e-01,4.247143598603427689e-02,1.318022588945126357e-04
2.240000000000000213e+00,1.000000000000000000e+00,9.595055311431562872e-01,4.037042100961070468e-02,1.240478472331819264e-04
2.280000000000000249e+00,1.000000000000000000e+00,9.614462911929553268e-01,3.843670890963261227e-02,1.169998974120703509e-04
2.320000000000000284e+00,1.000000000000000000e+00,9.632337830809443169e-01,3.665563252816084888e-02,1.105843908947232981e-04
2.360000000000000320e+00,1.000000000000000000e+00,9.648814363539005567e-01,3.501382785530989666e-02,1.047357907895300966e-04
2.400000000000000355e+00,1.000000000000000000e+00,9.664014729224356115e-01,3.349913105861086760e-02,9.939601895359862751e-05
2.440000000000000391e+00,1.000000000000000000e+00,9.678050065621096598e-01,3.210047987913444700e-02,9.451355875585422893e-05
2.480000000000000426e+00,1.000000000000000000e+00,9.691021371400061479e-01,3.080782019167047428e-02,9.004266832334888160e-05
2.520000000000000462e+00,1.000000000000000000e+00,9.703020390919612215e-01,2.961201821723286054e-02,8.594269080590803971e-05
2.560000000000000497e+00,1.000000000000000000e+00,9.714130439163558561e-01,2.850477863390058972e-02,8.217744974360787066e-05
2.600000000000000533e+00,1.000000000000000000e+00,9.724427166349659535e-01,2.747856864601658233e-02,7.871471901755323897e-05
2.640000000000000568e+00,1.000000000000000000e+00,9.733979263094483247e-01,2.652654793243514747e-02,7.552575811642954354e-05
2.680000000000000604e+00,1.000000000000000000e+00,9.742849108021398585e-01,2.564250429329054462e-02,7.258490456957449944e-05
2.720000000000000639e+00,1.000000000000000000e+00,9.751093360393989773e-01,2.482079474420863241e-02,6.986921639236845201e-05
2.760000000000000675e+00,1.000000000000000000e+00,9.758763500810920810e-01,2.405629176063577707e-02,6.735815827218831172e-05
2.800000000000000711e+00,1.000000000000000000e+00,9.765906323263243705e-01,2.334433434767226381e-02,6.503332600340572028e-05
2.840000000000000746e+00,1.000000000000000000e+00,9.772564381975987757e-01,2.268068359803343190e-02,6.287820436793989224e-05
2.880000000000000782e+00,1.000000000000000000e+00,9.778776396468360499e-01,2.206148239890078425e-02,6.087795426318461881e-05
2.920000000000000817e+00,1.000000000000000000e+00,9.784577618200477334e-01,2.148321895454182243e-02,5.901922541056750900e-05
2.960000000000000853e+00,1.000000000000000000e+00,9.790000162052133748e-01,2.094269380334279687e-02,5.728999144376332314e-05
3.000000000000000888e+00,1.000000000000000000e+00,9.795073305719360635e-01,2.043699002348058763e-02,5.567940458317134064e-05
3.040000000000000924e+00,1.000000000000000000e+00,9.799823759931026723e-01,1.996344633943765781e-02,5.417766745948083976e-05
3.080000000000000959e+00,1.000000000000000000e+00,9.804275912191851017e-01,1.951963286085482002e-02,5.277591996013990212e-05
3.120000000000000995e+00,1.000000000000000000e+00,9.808452046557510906e-01,1.910332920500508111e-02,5.146613924380751573e-05
3.160000000000001030e+00,1.000000000000000000e+00,9.812372541748319854e-01,1.871250477386365504e-02,5.024105130432059640e-05
3.200000000000001066e+00,1.000000000000000000e+00,9.816056049714116938e-01,1.834530097591670697e-02,4.909405267170413736e-05
3.240000000000001101e+00,1.000000000000000000e+00,9.819519656577779809e-01,1.800001520120484561e-02,4.801914101714514072e-05
3.280000000000001137e+00,1.000000000000000000e+00,9.822779027709690469e-01,1.767508637544575045e-02,4.701085358504429352e-05
3.320000000000001172e+00,1.000000000000000000e+00,9.825848538521757547e-01,1.736908193531299521e-02,4.606421251122533062e-05
3.360000000000001208e+00,1.000000000000000000e+00,9.828741392417807976e-01,1.708068608201459074e-02,4.517467620475164195e-05
3.400000000000001243e+00,1.000000000000000000e+00,9.831469727197226227e-01,1.680868918420352215e-02,4.433809607385221717e-05
3.440000000000001279e+00,1.000000000000000000e+00,9.834044711080484058e-01,1.655197821398542851e-02,4.355067796619639512e-05
3.480000000000001315e+00,1.000000000000000000e+00,9.836476629408177352e-01,1.630952811141037073e-02,4.280894777192072648e-05
3.520000000000001350e+00,1.000000000000000000e+00,9.838774962958944936e-01,1.608039398339963788e-02,4.210972070591945620e-05
3.560000000000001386e+00,1.000000000000000000e+00,9.840948458735209181e-01,1.586370405263365715e-02,4.145007384528146362e-05
3.600000000000001421e+00,1.000000000000000000e+00,9.843005193978711098e-01,1.565865328057949174e-02,4.082732154953161706e-05
3.640000000000001457e+00,1.000000000000000000e+00,9.844952634099228828e-01,1.546449759664064380e-02,4.023899343652491390e-05
3.680000000000001492e+00,1.000000000000000000e+00,9.846797685129380362e-01,1.528054867243576129e-02,3.968281462628443546e-05
3.720000000000001528e+00,1.000000000000000000e+00,9.848546741254754489e-01,1.510616918652492660e-02,3.915668799955209357e-05
3.760000000000001563e+00,1.000000000000000000e+00,9.850205727911831577e-01,1.494076853056894826e-02,3.865867824795148321e-05
3.800000000000001599e+00,1.000000000000000000e+00,9.851780140894942361e-01,1.478379891298652916e-02,3.818699751903123312e-05
3.840000000000001634e+00,1.000000000000000000e+00,9.853275081867903795e-01,1.463475182072702246e-02,3.773999248254821155e-05
3.880000000000001670e+00,1.000000000000000000e+00,9.854695290634852833e-01,1.449315480385012650e-02,3.731613266457778230e-05
3.920000000000001705e+00,1.000000000000000000e+00,9.856045174488344829e-01,1.435856855125167142e-02,3.691399991378496758e-05
3.960000000000001741e+00,1.000000000000000000e+00,9.857328834919836247e-01,1.423058422913655446e-02,3.653227887976325818e-05
4.000000000000001776e+00,1.000000000000000000e+00,9.858550091948458105e-01,1.410882105675716897e-02,3.616974839703231983e-05
4.040000000000001812e+00,1.000000000000000000e+00,9.859712506297739765e-01,1.399292409654552365e-02,3.582527368031292625e-05
4.080000000000001847e+00,1.000000000000000000e+00,9.860819399626526982e-01,1.388256223809986901e-02,3.549779924728981354e-05
4.120000000000001883e+00,1.000000000000000000e+00,9.861873872999320501e-01,1.377742635757348531e-02,3.518634249439537794e-05
4.160000000000001918e+00,1.000000000000000000e+00,9.862878823762611935e-01,1.367722763587956615e-02,3.488998785937214118e-05
4.200000000000001954e+00,1.000000000000000000e+00,9.863836960976927193e-01,1.358169602079553964e-02,3.460788151162757077e-05
4.240000000000001990e+00,1.000000000000000000e+00,9.864750819539376270e-01,1.349057881954452559e-02,3.433922651780379971e-05
4.280000000000002025e+00,1.000000000000000000e+00,9.865622773117957989e-01,1.340363940976847974e-02,3.408327843565211042e-05
4.320000000000002061e+00,1.000000000000000000e+00,9.866455046007001073e-01,1.332065605800567681e-02,3.383934129431740508e-05
4.360000000000002096e+00,1.000000000000000000e+00,9.867249724002189470e-01,1.324142083585742521e-02,3.360676392357917608e-05
2.000000000000000000e+00,1.098333333333333384e+00,9.309367504314982611e-01,6.882933222648861260e-02,2.339173420131950443e-04
2.040000000000000036e+00,1.098333333333333384e+00,9.351983582929433991e-01,6.458533442430330895e-02,2.163072827531847180e-04
2.080000000000000071e+00,1.098333333333333384e+00,9.391070619980833589e-01,6.069246268713602427e-02,2.004753147806296568e-04
2.120000000000000107e+00,1.098333333333333384e+00,9.426923695031934614e-01,5.712140743855421282e-02,1.862230582525707450e-04
2.160000000000000142e+00,1.098333333333333384e+00,9.459817021468145404e-01,5.384492247877805532e-02,1.733753744073799632e-04
2.200000000000000178e+00,1.098333333333333384e+00,9.490004395740805343e-01,5.083778280032660857e-02,1.617776255929386376e-04
2.240000000000000213e+00,1.098333333333333384e+00,9.517719897847928268e-01,4.807671696955632262e-02,1.512932456510091537e-04
2.280000000000000249e+00,1.098333333333333384e+00,9.543178772748868166e-01,4.554032113596408193e-02,1.418015891489855036e-04
2.320000000000000284e+00,1.098333333333333384e+00,9.566578434008488063e-01,4.320896056873121255e-02,1.331960304198983474e-04
2.360000000000000320e+00,1.098333333333333384e+00,9.588099541642998158e-01,4.106466354993980328e-02,1.253822857602820550e-04
2.400000000000000355e+00,1.098333333333333384e+00,9.607907115692158051e-01,3.909101149634561234e-02,1.182769344385637485e-04
2.440000000000000391e+00,1.098333333333333384e+00,9.626151655387862327e-01,3.727302834484057942e-02,1.118061163731441735e-04
2.480000000000000426e+00,1.098333333333333384e+00,9.642970240929625847e-01,3.559707152060064689e-02,1.059043864368722015e-04
2.520000000000000462e+00,1.098333333333333384e+00,9.658487600872235346e-01,3.405072620545463585e-02,1.005137073218173463e-04
2.560000000000000497e+00,1.098333333333333384e+00,9.672817133074838036e-01,3.262270412776970691e-02,9.558256474651518502e-05
2.600000000000000533e+00,1.098333333333333384e+00,9.686061871167278570e-01,3.130274769277045094e-02,9.106519050172537984e-05
2.640000000000000568e+00,1.098333333333333384e+00,9.698315391679298569e-01,3.008153995166201050e-02,8.692088040812067588e-05
2.680000000000000604e+00,1.098333333333333384e+00,9.709662659469638912e-01,2.895062065733526591e-02,8.311339570107642680e-05
2.720000000000000639e+00,1.098333333333333384e+00,9.720180810997252063e-01,2.790230846260760220e-02,7.961043766726375048e-05
2.760000000000000675e+00,1.098333333333333384e+00,9.729939876397434295e-01,2.692962917371612488e-02,7.638318654046870380e-05
2.800000000000000711e+00,1.098333333333333384e+00,9.739003442351567008e-01,2.602624986811645849e-02,7.340589672681227735e-05
2.840000000000000746e+00,1.098333333333333384e+00,9.747429258448994105e-01,2.518641861372025725e-02,7.065554138020453505e-05
2.880000000000000782e+00,1.098333333333333384e+00,9.755269790199241342e-01,2.440490947988013803e-02,6.811150019578997847e-05
2.920000000000000817e+00,1.098333333333333384e+00,9.762572722118444402e-01,2.367697250311469326e-02,6.575528504101784430e-05
2.960000000000000853e+00,1.098333333333333384e+00,9.769381414431389521e-01,2.299828825815177641e-02,6.357029870932655031e-05
3.000000000000000888e+00,1.098333333333333384e+00,9.775735316937286257e-01,2.236492668360264349e-02,6.154162266864658269e-05
3.040000000000000924e+00,1.098333333333333384e+00,9.781670343513707566e-01,2.177330981843552532e-02,5.965583019391213458e-05
3.080000000000000959e+00,1.098333333333333384e+00,9.787219210602737807e-01,2.122017811799916873e-02,5.790082172700953444e-05
3.120000000000000995e+00,1.098333333333333384e+00,9.792411742855244849e-01,2.070256003476963341e-02,5.626567970596594730e-05
3.160000000000001030e+00,1.098333333333333384e+00,9.797275148917428123e-01,2.021774456780325510e-02,5.474054045406102876e-05
3.200000000000001066e+00,1.098333333333333384e+00,9.801834270140062921e-01,1.976325650496918093e-02,5.331648102467602629e-05
3.240000000000001101e+00,1.098333333333333384e+00,9.806111804782591257e-01,1.933683410257663535e-02,5.198541916428592021e-05
3.280000000000001137e+00,1.098333333333333384e+00,9.810128510078073294e-01,1.893640896740387755e-02,5.074002478873844343e-05
3.320000000000001172e+00,1.098333333333333384e+00,9.813903384324852430e-01,1.856008792594387655e-02,4.957364157098732344e-05
3.360000000000001208e+00,1.098333333333333384e+00,9.817453830979637752e-01,1.820613668462070858e-02,4.848021741549271715e-05
3.400000000000001243e+00,1.098333333333333384e+00,9.820795806546470663e-01,1.787296510260423868e-02,4.745424274881042257e-05
3.440000000000001279e+00,1.098333333333333384e+00,9.823943953887505076e-01,1.755911391555919215e-02,4.649069569037755613e-05
3.480000000000001315e+00,1.098333333333333384e+00,9.826911722425620832e-01,1.726324276415308612e-02,4.558499328469071342e-05
3.520000000000001350e+00,1.098333333333333384e+00,9.829711476565065054e-01,1.698411939541520643e-02,4.473294807819337004e-05
3.560000000000001386e+00,1.098333333333333384e+00,9.832354593524800235e-01,1.672060991810692468e-02,4.393072941319491845e-05
3.600000000000001421e+00,1.098333333333333384e+00,9.834851551659278268e-01,1.647167000518362512e-02,4.317482888872759044e-05
3.640000000000001457e+00,1.098333333333333384e+00,9.837212010232379011e-01,1.623633694725630169e-02,4.246202950590684700e-05
3.680000000000001492e+00,1.098333333333333384e+00,9.839444881511557606e-01,1.601372247076972288e-02,4.178937807437978241e-05
3.720000000000001528e+00,1.098333333333333384e+00,9.841558395960192662e-01,1.580300624347288213e-02,4.115416050795040885e-05
3.760000000000001563e+00,1.098333333333333384e+00,9.843560161225739513e-01,1.560342999774366572e-02,4.055387968244944540e-05
3.800000000000001599e+00,1.098333333333333384e+00,9.845457215549161534e-01,1.541429220951564052e-02,3.998623556820858225e-05
3.840000000000001634e+00,1.098333333333333384e+00,9.847256076156083449e-01,1.523494327700769709e-02,3.944910738384663484e-05
3.880000000000001670e+00,1.098333333333333384e+00,9.848962783132005905e-01,1.506478114925129987e-02,3.894053754813077379e-05
3.920000000000001705e+00,1.098333333333333384e+00,9.850582939231674606e-01,1.490324735959949048e-02,3.845871723297310339e-05
3.960000000000001741e+00,1.098333333333333384e+00,9.852121746026034632e-01,1.474982342405271700e-02,3.800197334367562153e-05
4.000000000000001776e+00,1.098333333333333384e+00,9.853584036748299635e-01,1.460402756839745270e-02,3.756875677273406128e-05
4.040000000000001812e+00,1.098333333333333384e+00,9.854974306163314379e-01,1.446541175187737033e-02,3.715763179124086866e-05
4.080000000000001847e+00,1.098333333333333384e+00,9.856296737750953607e-01,1.433355895844701938e-02,3.676726645749452588e-05
4.120000000000001883e+00,1.098333333333333384e+00,9.857555228464289776e-01,1.420808072963497537e-02,3.639642393610266187e-05
4.160000000000001918e+00,1.098333333333333384e+00,9.858753411296607982e-01,1.408861491570634859e-02,3.604395463290031105e-05
4.200000000000001954e+00,1.098333333333333384e+00,9.859894675867436620e-01,1.397482362419474183e-02,3.570878906160241176e-05
4.240000000000001990e+00,1.098333333333333384e+00,9.860982187216306150e-01,1.386639134700191379e-02,3.538993136744305131e-05
4.280000000000002025e+00,1.098333333333333384e+00,9.862018902973918033e-01,1.376302324916672641e-02,3.508645344129007938e-05
4.320000000000002061e+00,1.098333333333333384e+00,9.863007589063271796e-01,1.366444360410799981e-02,3.479748956499316475e-05
4.360000000000002096e+00,1.098333333333333384e+00,9.863950834067962692e-01,1.357039436166842562e-02,3.452223153514498509e-05
2.000000000000000000e+00,1.196666666666666767e+00,9.140307512386804945e-01,8.566703069189658681e-02,3.022180694229012780e-04
2.040000000000000036e+00,1.196666666666666767e+00,9.196671799666299441e-01,8.005506857146535427e-02,2.777514619045668050e-04
2.080000000000000071e+00,1.196666666666666767e+00,9.248400503790084048e-01,7.490413195679655745e-02,2.558176641949836067e-04
2.120000000000000107e+00,1.196666666666666767e+00,9.295857769746000976e-01,7.017809054418949755e-02,2.361324812103738030e-04
2.160000000000000142e+00,1.196666666666666767e+00,9.339387616752155008e-01,6.584279381963190070e-02,2.184445051525854087e-04
2.200000000000000178e+00,1.196666666666666767e+00,9.379313018858979056e-01,6.186616670406093477e-02,2.025314100410458929e-04
2.240000000000000213e+00,1.196666666666666767e+00,9.415935547060958477e-01,5.821824866166559753e-02,1.881966322385717838e-04
2.280000000000000249e+00,1.196666666666666767e+00,9.449535461257587698e-01,5.487118747057963264e-02,1.752664036615522757e-04
2.320000000000000284e+00,1.196666666666666767e+00,9.480372152491989279e-01,5.179919764460726855e-02,1.635871061938056793e-04
2.360000000000000320e+00,1.196666666666666767e+00,9.508684848807912315e-01,4.897849220160398892e-02,1.530229176048288715e-04
2.400000000000000355e+00,1.196666666666666767e+00,9.534693510949285855e-01,4.638719518400629543e-02,1.434537210650287955e-04
2.440000000000000391e+00,1.196666666666666767e+00,9.558599856389007332e-01,4.400524110892782559e-02,1.347732521715242274e-04
2.480000000000000426e+00,1.196666666666666767e+00,9.580588461438038772e-01,4.181426639695264014e-02,1.268874592434220789e-04
2.520000000000000462e+00,1.196666666666666767e+00,9.600827901243430551e-01,3.979749682116011378e-02,1.197130544967952572e-04
2.560000000000000497e+00,1.196666666666666767e+00,9.619471896251906573e-01,3.793963413926600137e-02,1.131762355432687972e-04
2.600000000000000533e+00,1.196666666666666767e+00,9.636660441202061778e-01,3.622674432134601052e-02,1.072115584477016296e-04
2.640000000000000568e+00,1.196666666666666767e+00,9.652520898979963793e-01,3.464614915669562978e-02,1.017609453079640423e-04
2.680000000000000604e+00,1.196666666666666767e+00,9.667169046834585000e-01,3.318632250557639052e-02,9.677281096512457674e-05
2.720000000000000639e+00,1.196666666666666767e+00,9.680710066623666732e-01,3.183679204263129003e-02,9.220129500193823566e-05
2.760000000000000675e+00,1.196666666666666767e+00,9.693239474076674744e-01,3.058804700570016619e-02,8.800558663232505529e-05
2.800000000000000711e+00,1.196666666666666767e+00,9.704843984646122079e-01,2.943145220396821068e-02,8.414933141957240596e-05
2.840000000000000746e+00,1.196666666666666767e+00,9.715602315490543539e-01,2.835916834096080183e-02,8.060010998486356361e-05
2.880000000000000782e+00,1.196666666666666767e+00,9.725585924599174925e-01,2.736407856010080603e-02,7.732897998178420043e-05
2.920000000000000817e+00,1.196666666666666767e+00,9.734859689125079374e-01,2.643972101387164625e-02,7.431007362029755999e-05
2.960000000000000853e+00,1.196666666666666767e+00,9.743482525721951504e-01,2.558022718387454805e-02,7.152024393042747210e-05
3.000000000000000888e+00,1.196666666666666767e+00,9.751507956149672030e-01,2.478026563126495274e-02,6.893875376780701086e-05
3.040000000000000924e+00,1.196666666666666767e+00,9.758984621683318705e-01,2.403499082938099010e-02,6.654700228717770193e-05
3.080000000000000959e+00,1.196666666666666767e+00,9.765956749977050544e-01,2.333999671804199566e-02,6.432828425305403552e-05
3.120000000000000995e+00,1.196666666666666767e+00,9.772464578037735050e-01,2.269127461810038424e-02,6.226757812625836495e-05
3.160000000000001030e+00,1.196666666666666767e+00,9.778544734883853895e-01,2.208517515224656808e-02,6.035135936794091475e-05
3.200000000000001066e+00,1.196666666666666767e+00,9.784230587328338613e-01,2.151837383132037748e-02,5.856743584573735286e-05
3.240000000000001101e+00,1.196666666666666767e+00,9.789552552148547138e-01,2.098783998252900726e-02,5.690480261620640962e-05
3.280000000000001137e+00,1.196666666666666767e+00,9.794538377707783239e-01,2.049080871552221364e-02,5.535351369950241353e-05
3.320000000000001172e+00,1.196666666666666767e+00,9.799213397881444410e-01,2.002475564309370154e-02,5.390456876178641778e-05
3.360000000000001208e+00,1.196666666666666767e+00,9.803600760925998969e-01,1.958737409451712791e-02,5.254981288303448592e-05
3.400000000000001243e+00,1.196666666666666767e+00,9.807721635716085684e-01,1.917655458057429887e-02,5.128184781713678665e-05
3.440000000000001279e+00,1.196666666666666767e+00,9.811595397568968480e-01,1.879036628975180173e-02,5.009395335144413750e-05
3.480000000000001315e+00,1.196666666666666767e+00,9.815239795678717405e-01,1.842704041458058731e-02,4.898001754777616816e-05
3.520000000000001350e+00,1.196666666666666767e+00,9.818671103997214100e-01,1.808495512547891870e-02,4.793447479950725887e-05
3.560000000000001386e+00,1.196666666666666767e+00,9.821904257225984036e-01,1.776262202662926351e-02,4.695225077248733696e-05
3.600000000000001421e+00,1.196666666666666767e+00,9.824952973422609315e-01,1.745867394432532027e-02,4.602871341369253554e-05
3.640000000000001457e+00,1.196666666666666767e+00,9.827829864578209174e-01,1.717185391286626256e-02,4.515962931280728850e-05
3.680000000000001492e+00,1.196666666666666767e+00,9.830546536387311241e-01,1.690100523647871875e-02,4.434112479031235532e-05
3.720000000000001528e+00,1.196666666666666767e+00,9.833113678308725847e-01,1.664506251796467329e-02,4.356965116275627280e-05
3.760000000000001563e+00,1.196666666666666767e+00,9.835541144904298427e-01,1.640304355586691409e-02,4.284195370317112208e-05
3.800000000000001599e+00,1.196666666666666767e+00,9.837838029341378077e-01,1.617404202198874721e-02,4.215504387333968627e-05
3.840000000000001634e+00,1.196666666666666767e+00,9.840012729853709894e-01,1.595722084017309542e-02,4.150617445591640002e-05
3.880000000000001670e+00,1.196666666666666767e+00,9.842073009873220091e-01,1.575180619541865709e-02,4.089281725923281640e-05
3.920000000000001705e+00,1.196666666666666767e+00,9.844026052471325228e-01,1.555708210976068998e-02,4.031264310680109195e-05
3.960000000000001741e+00,1.196666666666666767e+00,9.845878509681974533e-01,1.537238552794480823e-02,3.976350385780871871e-05
4.000000000000001776e+00,1.196666666666666767e+00,9.847636547219215108e-01,1.519710186184350907e-02,3.924341623489900903e-05
4.040000000000001812e+00,1.196666666666666767e+00,9.849305885048666998e-01,1.503066094787154292e-02,3.875054726181059576e-05
4.080000000000001847e+00,1.196666666666666767e+00,9.850891834224563270e-01,1.487253337640715919e-02,3.828320113648133702e-05
4.120000000000001883e+00,1.196666666666666767e+00,9.852399330361359953e-01,1.472222715647853244e-02,3.783980738542518069e-05
4.160000000000001918e+00,1.196666666666666767e+00,9.853832964070589062e-01,1.457928468277811321e-02,3.741891016292888381e-05
4.200000000000001954e+00,1.196666666666666767e+00,9.855197008659581925e-01,1.444327997546771339e-02,3.701915857418981612e-05
4.240000000000001990e+00,1.196666666666666767e+00,9.856495445358052221e-01,1.431381616627939828e-02,3.663929791522192367e-05
4.280000000000002025e+00,1.196666666666666767e+00,9.857731986311318861e-01,1.419052320713376676e-02,3.627816173440957061e-05
4.320000000000002061e+00,1.196666666666666767e+00,9.858910095554407338e-01,1.407305577992802766e-02,3.593466463120704296e-05
4.360000000000002096e+00,1.196666666666666767e+00,9.860033008159641010e-01,1.396109138831896392e-02,3.560779571684265628e-05
2.000000000000000000e+00,1.295000000000000151e+00,8.917115257792268546e-01,1.078912536063630634e-01,3.972206144099042421e-04
2.040000000000000036e+00,1.295000000000000151e+00,8.991337404816600598e-01,1.005032235791100542e-01,3.630359392298572962e-04
2.080000000000000071e+00,1.295000000000000151e+00,9.059608554041280737e-01,9.370669593515311424e-02,3.324486607186935149e-04
2.120000000000000107e+00,1.295000000000000151e+00,9.122347532787022928e-01,8.746018933742545631e-02,3.050573838722388091e-04
2.160000000000000142e+00,1.295000000000000151e+00,9.179960664841066986e-01,8.172342789408409969e-02,2.805056218093355874e-04
2.200000000000000178e+00,1.295000000000000151e+00,9.232838205860943726e-01,7.645770237531947233e-02,2.584770385861431905e-04
2.240000000000000213e+00,1.295000000000000151e+00,9.281351768085703835e-01,7.162613205938275773e-02,2.386911320469644498e-04
2.280000000000000249e+00,1.295000000000000151e+00,9.325852598172440500e-01,6.719384085693824726e-02,2.208993258176933957e-04
2.320000000000000284e+00,1.295000000000000151e+00,9.366670573243008890e-01,6.312806123445931228e-02,2.048814412396831566e-04
2.360000000000000320e+00,1.295000000000000151e+00,9.404113787149910308e-01,5.939817876383964718e-02,1.904425211693463440e-04
2.400000000000000355e+00,1.295000000000000151e+00,9.438468609605257242e-01,5.597572906102031565e-02,1.774099784540079559e-04
2.440000000000000391e+00,1.295000000000000151e+00,9.470000113567857980e-01,5.283435760047278107e-02,1.656310427413646064e-04
2.480000000000000426e+00,1.295000000000000151e+00,9.498952779911199462e-01,4.994975152867657531e-02,1.549704802034643290e-04
2.520000000000000462e+00,1.295000000000000151e+00,9.525551401986231959e-01,4.729955123956799262e-02,1.453085618086940472e-04
2.560000000000000497e+00,1.295000000000000151e+00,9.550002125616567916e-01,4.486324818137634590e-02,1.365392569668890668e-04
2.600000000000000533e+00,1.295000000000000151e+00,9.572493571920374089e-01,4.262207417727517655e-02,1.285686306875153350e-04
2.640000000000000568e+00,1.295000000000000151e+00,9.593198000924600954e-01,4.055888648374060546e-02,1.213134237992191834e-04
2.680000000000000604e+00,1.295000000000000151e+00,9.612272483139161494e-01,3.865805188883832122e-02,1.146997972455259109e-04
2.720000000000000639e+00,1.295000000000000151e+00,9.629860054103058786e-01,3.690533236673336492e-02,1.086622229608000207e-04
2.760000000000000675e+00,1.295000000000000151e+00,9.646090833475953197e-01,3.528777414709403926e-02,1.031425053106669492e-04
2.800000000000000711e+00,1.295000000000000151e+00,9.661083095639831919e-01,3.379360151749196545e-02,9.808891852489634740e-05
2.840000000000000746e+00,1.295000000000000151e+00,9.674944283128543709e-01,3.241211624020864934e-02,9.345544693692971834e-05
2.880000000000000782e+00,1.295000000000000151e+00,9.687771957655685329e-01,3.113360311827459773e-02,8.920111615696760493e-05
2.920000000000000817e+00,1.295000000000000151e+00,9.699654686198250220e-01,2.994924197564065652e-02,8.528940453425181616e-05
2.960000000000000853e+00,1.295000000000000151e+00,9.710672861640395892e-01,2.885102611055783556e-02,8.168772540261970557e-05
3.000000000000000888e+00,1.295000000000000151e+00,9.720899459001731691e-01,2.783168712817773310e-02,7.836697164900457003e-05
3.040000000000000924e+00,1.295000000000000151e+00,9.730400729367985058e-01,2.688462594810386505e-02,7.530111509766550509e-05
3.080000000000000959e+00,1.295000000000000151e+00,9.739236834394165987e-01,2.600384970651741651e-02,7.246685406596961934e-05
3.120000000000000995e+00,1.295000000000000151e+00,9.747462424734866238e-01,2.518391422328869825e-02,6.984330322465008925e-05
3.160000000000001030e+00,1.295000000000000151e+00,9.755127166033115138e-01,2.441987167609684789e-02,6.741172059166870053e-05
3.200000000000001066e+00,1.295000000000000151e+00,9.762276216218654934e-01,2.370722311102462995e-02,6.515526710990309325e-05
3.240000000000001101e+00,1.295000000000000151e+00,9.768950657868622489e-01,2.304187541832692157e-02,6.305879481089094959e-05
3.280000000000001137e+00,1.295000000000000151e+00,9.775187889300948063e-01,2.242010240984938091e-02,6.110866005589661609e-05
3.320000000000001172e+00,1.295000000000000151e+00,9.781021977928889832e-01,2.183850964833334435e-02,5.929255877762683096e-05
3.360000000000001208e+00,1.295000000000000151e+00,9.786483979223862262e-01,2.129400269658704783e-02,5.759938102672681429e-05
3.400000000000001243e+00,1.295000000000000151e+00,9.791602224428481716e-01,2.078375847468949544e-02,5.601908246215443494e-05
3.440000000000001279e+00,1.295000000000000151e+00,9.796402579944244460e-01,2.030519943485693118e-02,5.454257071866086196e-05
3.480000000000001315e+00,1.295000000000000151e+00,9.800908681096808239e-01,1.985597028547663248e-02,5.316160484252523474e-05
3.520000000000001350e+00,1.295000000000000151e+00,9.805142142763191293e-01,1.943391701746843142e-02,5.186870621258098704e-05
3.560000000000001386e+00,1.295000000000000151e+00,9.809122749133120100e-01,1.903706800712673050e-02,5.065707956122847503e-05
3.600000000000001421e+00,1.295000000000000151e+00,9.812868624674913054e-01,1.866361698962559421e-02,4.952054288294721488e-05
3.640000000000001457e+00,1.295000000000000151e+00,9.816396388185846256e-01,1.831190771624672045e-02,4.845346516884400077e-05
3.680000000000001492e+00,1.295000000000000151e+00,9.819721291629552873e-01,1.798042012600699346e-02,4.745071103768487493e-05
3.720000000000001528e+00,1.295000000000000151e+00,9.822857345298745546e-01,1.766775787867647454e-02,4.650759144906475297e-05
3.760000000000001563e+00,1.295000000000000151e+00,9.825817430690302334e-01,1.737263711118478687e-02,4.561981978495079749e-05
3.800000000000001599e+00,1.295000000000000151e+00,9.828613402341772609e-01,1.709387629314912740e-02,4.478347267366981861e-05
3.840000000000001634e+00,1.295000000000000151e+00,9.831256179752211333e-01,1.683038706977188145e-02,4.399495500710746531e-05
3.880000000000001670e+00,1.295000000000000151e+00,9.833755830396165853e-01,1.658116599171458733e-02,4.325096866887532388e-05
3.920000000000001705e+00,1.295000000000000151e+00,9.836121644736117720e-01,1.634528704183857775e-02,4.254848454972907587e-05
3.960000000000001741e+00,1.295000000000000151e+00,9.838362204045398851e-01,1.612189487798240672e-02,4.188471747767437333e-05
4.000000000000001776e+00,1.295000000000000151e+00,9.840485441769573072e-01,1.591019871930790530e-02,4.125710373491945965e-05
4.040000000000001812e+00,1.295000000000000151e+00,9.842498699078625624e-01,1.570946681126440814e-02,4.066328087296102497e-05
4.080000000000001847e+00,1.295000000000000151e+00,9.844408775194565253e-01,1.551902141097212008e-02,4.010106957133439200e-05
4.120000000000001883e+00,1.295000000000000151e+00,9.846221973018060014e-01,1.533823424087850558e-02,3.956845731555082990e-05
4.160000000000001918e+00,1.295000000000000151e+00,9.847944140523361423e-01,1.516652236396798248e-02,3.906358369603000189e-05
4.200000000000001954e+00,1.295000000000000151e+00,9.849580708341875157e-01,1.500334443865972145e-02,3.858472715288564949e-05
4.240000000000001990e+00,1.295000000000000151e+00,9.851136723911125825e-01,1.484819731587560220e-02,3.813029301165057634e-05
4.280000000000002025e+00,1.295000000000000151e+00,9.852616882526818998e-01,1.470061294464528566e-02,3.769880267279516421e-05
4.320000000000002061e+00,1.295000000000000151e+00,9.854025555600748332e-01,1.456015555609174381e-02,3.728888383350793329e-05
4.360000000000002096e+00,1.295000000000000151e+00,9.855366816396206042e-01,1.442641909874547122e-02,3.689926163394310102e-05
2.000000000000000000e+00,1.393333333333333535e+00,8.624858508142546620e-01,1.369845129585293420e-01,5.296362272159798592e-04
2.040000000000000036e+00,1.393333333333333535e+00,8.721563701855414852e-01,1.273618325712954635e-01,4.817972431631704347e-04
2.080000000000000071e+00,1.393333333333333535e+00,8.810900499370646344e-01,1.184709271146306003e-01,4.390229483046914584e-04
2.120000000000000107e+00,1.393333333333333535e+00,8.893295930746065725e-01,1.102696481136558049e-01,4.007588117376472336e-04
2.160000000000000142e+00,1.393333333333333535e+00,8.969183726289671199e-01,1.027151179518872720e-01,3.665094191455534403e-04
2.200000000000000178e+00,1.393333333333333535e+00,9.038996693967060736e-01,9.576449786687453447e-02,3.358327364194490681e-04
2.240000000000000213e+00,1.393333333333333535e+00,9.103160468592091936e-01,8.937561830353778214e-02,3.083348372531026830e-04
2.280000000000000249e+00,1.393333333333333535e+00,9.162088549446268937e-01,8.350747999291106838e-02,2.836650624619697350e-04
2.320000000000000284e+00,1.393333333333333535e+00,9.216178510454430262e-01,7.812063736992239105e-02,2.615115846345680492e-04
2.360000000000000320e+00,1.393333333333333535e+00,9.265809248312195656e-01,7.317747781382306915e-02,2.415973549572870310e-04
2.400000000000000355e+00,1.393333333333333535e+00,9.311339126394889698e-01,6.864241094993493719e-02,2.236764105760895023e-04
2.440000000000000391e+00,1.393333333333333535e+00,9.353104873244211248e-01,6.448198215420669621e-02,2.075305213722518360e-04
2.480000000000000426e+00,1.393333333333333535e+00,9.391421101498106383e-01,6.066492369514690092e-02,1.929661550425265963e-04
2.520000000000000462e+00,1.393333333333333535e+00,9.426580324200222183e-01,5.716215584074455652e-02,1.798117392332273829e-04
2.560000000000000497e+00,1.393333333333333535e+00,9.458853358780507925e-01,5.394674892254880394e-02,1.679151994004842504e-04
2.600000000000000533e+00,1.393333333333333535e+00,9.488490023305025112e-01,5.099385591832188841e-02,1.571417511756822765e-04
2.640000000000000568e+00,1.393333333333333535e+00,9.515720043871788159e-01,4.828062368646422048e-02,1.473719263570705425e-04
2.680000000000000604e+00,1.393333333333333535e+00,9.540754105606056301e-01,4.578608962716431557e-02,1.384998122302662975e-04
2.720000000000000639e+00,1.393333333333333535e+00,9.563784992157959852e-01,4.349106929948610978e-02,1.304314847177892882e-04
2.760000000000000675e+00,1.393333333333333535e+00,9.584988769696335398e-01,4.137803941353490611e-02,1.230836168314987345e-04
2.800000000000000711e+00,1.393333333333333535e+00,9.604525981037871363e-01,3.943101965120657942e-02,1.163822450063802671e-04
2.840000000000000746e+00,1.393333333333333535e+00,9.622542823764587139e-01,3.763545594645698739e-02,1.102616770842809290e-04
2.880000000000000782e+00,1.393333333333333535e+00,9.639172293045553674e-01,3.597810716849421386e-02,1.046635269505963685e-04
2.920000000000000817e+00,1.393333333333333535e+00,9.654535275511743064e-01,3.444693658675568315e-02,9.953586207002814356e-05
2.960000000000000853e+00,1.393333333333333535e+00,9.668741585076352507e-01,3.303100904097402285e-02,9.483245139059072047e-05
3.000000000000000888e+00,1.393333333333333535e+00,9.681890935192816183e-01,3.172039437845258769e-02,9.051210226576083162e-05
3.040000000000000924e+00,1.393333333333333535e+00,9.694073844841756271e-01,3.050607743965753904e-02,8.653807616688068138e-05
3.080000000000000959e+00,1.393333333333333535e+00,9.705372477668390285e-01,2.937987465915000915e-02,8.287757401075117542e-05
3.120000000000000995e+00,1.393333333333333535e+00,9.715861415272908364e-01,2.833435718980486032e-02,7.950128290432412269e-05
3.160000000000001030e+00,1.393333333333333535e+00,9.725608366792704018e-01,2.736278034372300119e-02,7.638297700658132480e-05
3.200000000000001066e+00,1.393333333333333535e+00,9.734674817697376303e-01,2.645901906423534650e-02,7.349916602695036197e-05
3.240000000000001101e+00,1.393333333333333535e+00,9.743116621220727636e-01,2.561750909230557996e-02,7.082878562178514920e-05
3.280000000000001137e+00,1.393333333333333535e+00,9.750984536142391912e-01,2.483319346114200646e-02,6.835292461891806352e-05
3.320000000000001172e+00,1.393333333333333535e+00,9.758324714756757556e-01,2.410147393972489338e-02,6.605458459937028383e-05
3.360000000000001208e+00,1.393333333333333535e+00,9.765179144870554939e-01,2.341816704504459321e-02,6.391846789986923389e-05
3.400000000000001243e+00,1.393333333333333535e+00,9.771586049586638012e-01,2.277946425076110906e-02,6.193079057507725729e-05
3.440000000000001279e+00,1.393333333333333535e+00,9.777580248486356096e-01,2.218189603408471725e-02,6.007911727960627246e-05
3.480000000000001315e+00,1.393333333333333535e+00,9.783193483637283583e-01,2.162229942086961801e-02,5.835221540212059195e-05
3.520000000000001350e+00,1.393333333333333535e+00,9.788454713642693594e-01,2.109778870961860273e-02,5.673992611206420697e-05
3.560000000000001386e+00,1.393333333333333535e+00,9.793390378726183343e-01,2.060572907711312809e-02,5.523305026838798112e-05
3.600000000000001421e+00,1.393333333333333535e+00,9.798024639617874954e-01,2.014371279081917862e-02,5.382324739344720906e-05
3.640000000000001457e+00,1.393333333333333535e+00,9.802379592784374873e-01,1.970953777542471322e-02,5.250294613790508269e-05
3.680000000000001492e+00,1.393333333333333535e+00,9.806475464327563119e-01,1.930118830238606448e-02,5.126526485764238062e-05
3.720000000000001528e+00,1.393333333333333535e+00,9.810330784670170390e-01,1.891681759188821796e-02,5.010394109456037161e-05
3.760000000000001563e+00,1.393333333333333535e+00,9.813962545951300243e-01,1.855473213596730425e-02,4.901326890270754833e-05
3.800000000000001599e+00,1.393333333333333535e+00,9.817386343873182319e-01,1.821337756958993359e-02,4.798804309194529049e-05
3.840000000000001634e+00,1.393333333333333535e+00,9.820616505572330457e-01,1.789132593319110384e-02,4.702350957571684162e-05
3.880000000000001670e+00,1.393333333333333535e+00,9.823666204933511059e-01,1.758726418553957505e-02,4.611532110943584995e-05
3.920000000000001705e+00,1.393333333333333535e+00,9.826547566623471397e-01,1.729998383985952362e-02,4.525949779337465795e-05
3.960000000000001741e+00,1.393333333333333535e+00,9.829271759992634916e-01,1.702837160894607460e-02,4.445239179029232112e-05
4.000000000000001776e+00,1.393333333333333535e+00,9.831849083875890960e-01,1.677140095663603656e-02,4.369065577479656318e-05
4.040000000000001812e+00,1.393333333333333535e+00,9.834289043217938620e-01,1.652812446351634504e-02,4.297121468980671645e-05
4.080000000000001847e+00,1.393333333333333535e+00,9.836600418353174113e-01,1.629766692424615762e-02,4.229124043653149603e-05
4.120000000000001883e+00,1.393333333333333535e+00,9.838791327684105470e-01,1.607921910242054303e-02,4.164812916905500766e-05
4.160000000000001918e+00,1.393333333333333535e+00,9.840869284425030061e-01,1.587203207659308724e-02,4.103948090372475837e-05
4.200000000000001954e+00,1.393333333333333535e+00,9.842841248008350474e-01,1.567541211797725265e-02,4.046308118778850911e-05
4.240000000000001990e+00,1.393333333333333535e+00,9.844713670688611806e-01,1.548871604653705332e-02,3.991688460174159104e-05
4.280000000000002025e+00,1.393333333333333535e+00,9.846492539823800128e-01,1.531134701772382360e-02,3.939899989616767916e-05
4.320000000000002061e+00,1.393333333333333535e+00,9.848183416263333045e-01,1.514275069707980009e-02,3.890767658694810067e-05
4.360000000000002096e+00,1.393333333333333535e+00,9.849791469227744400e-01,1.498241178437237364e-02,3.844129285299783340e-05
2.000000000000000000e+00,1.491666666666666918e+00,8.248036124430657701e-01,1.744827321407920739e-01,7.136554161419864269e-04
2.040000000000000036e+00,1.491666666666666918e+00,8.371740613758470451e-01,1.621790070749796475e-01,6.469315491732490885e-04
2.080000000000000071e+00,1.491666666666666918e+00,8.486801526333813683e-01,1.507326174890712966e-01,5.872298775473570312e-04
2.120000000000000107e+00,1.491666666666666918e+00,8.593561455365417157e-01,1.401100477042227233e-01,5.338067592355756185e-04
2.160000000000000142e+00,1.491666666666666918e+00,8.692403812721105627e-01,1.302736258622678445e-01,4.859928656216033456e-04
2.200000000000000178e+00,1.491666666666666918e+00,8.783740645026019145e-01,1.211827488760267857e-01,4.431866213713416230e-04
2.240000000000000213e+00,1.491666666666666918e+00,8.868001732706249918e-01,1.127949785696957669e-01,4.048481596792114466e-04
2.280000000000000249e+00,1.491666666666666918e+00,8.945625104180006115e-01,1.050669958546247840e-01,3.704937273747686030e-04
2.320000000000000284e+00,1.491666666666666918e+00,9.017049006927351229e-01,9.795540881157228930e-02,3.396904956927915232e-04
2.360000000000000320e+00,1.491666666666666918e+00,9.082705305579407140e-01,9.141741769514370730e-02,3.120517469155820482e-04
2.400000000000000355e+00,1.491666666666666918e+00,9.143014224359751196e-01,8.541134514790102439e-02,2.872324161239388045e-04
2.440000000000000391e+00,1.491666666666666918e+00,9.198380315640819482e-01,7.989704346356926723e-02,2.649249723488749601e-04
2.480000000000000426e+00,1.491666666666666918e+00,9.249189515635033443e-01,7.483619281078920937e-02,2.448556257073419362e-04
2.520000000000000462e+00,1.491666666666666918e+00,9.295807139524939755e-01,7.019250519989160553e-02,2.267808476144204314e-04
2.560000000000000497e+00,1.491666666666666918e+00,9.338576668822636817e-01,6.593184892708771339e-02,2.104841906486416890e-04
2.600000000000000533e+00,1.491666666666666918e+00,9.377819190823374340e-01,6.202230752400395009e-02,1.957733936586421124e-04
2.640000000000000568e+00,1.491666666666666918e+00,9.413833361422017099e-01,5.843418610118236017e-02,1.824777566159760161e-04
2.680000000000000604e+00,1.491666666666666918e+00,9.446895776447443716e-01,5.513997658647744327e-02,1.704457687783448563e-04
2.720000000000000639e+00,1.491666666666666918e+00,9.477261651606813109e-01,5.211429186625806537e-02,1.595429730608009463e-04
