bill_length_mm,bill_depth_mm,Torgersen,Biscoe,Dream
3.210000000000000142e+01,1.309999999999999964e+01,1.237479205910471253e-01,3.077443733836887629e-01,5.685077060252641257e-01
3.244375000000000142e+01,1.309999999999999964e+01,1.163897983904394612e-01,3.175297269529475108e-01,5.660804746566130419e-01
3.278750000000000142e+01,1.309999999999999964e+01,1.093011734589951628e-01,3.286041170552032598e-01,5.620947094858015358e-01
3.313125000000000142e+01,1.309999999999999964e+01,1.024824088198984656e-01,3.411124934360683647e-01,5.564050977440332391e-01
3.347500000000000142e+01,1.309999999999999964e+01,9.592777261167424740e-02,3.551985548516471414e-01,5.488736725366786251e-01
3.381875000000000142e+01,1.309999999999999964e+01,8.962670266709260591e-02,3.709987660858635738e-01,5.393745312470438202e-01
3.416250000000000142e+01,1.309999999999999964e+01,8.356533997963956628e-02,3.886345626448355906e-01,5.278000973755248015e-01
3.450625000000000142e+01,1.309999999999999964e+01,7.772825090422803840e-02,4.082025929085574822e-01,5.140691561872144932e-01
3.485000000000000142e+01,1.309999999999999964e+01,7.210024657564624573e-02,4.297630822193650446e-01,4.981366712049887235e-01
3.519375000000000142e+01,1.309999999999999964e+01,6.666819093098368121e-02,4.533267850227415408e-01,4.800050240462748197e-01
3.553750000000000142e+01,1.309999999999999964e+01,6.142266511403837032e-02,4.788415160788708769e-01,4.597358188070908014e-01
3.588125000000000142e+01,1.309999999999999964e+01,5.635933023056952790e-02,5.061798618311100784e-01,4.374608079383203729e-01
3.622500000000000142e+01,1.309999999999999964e+01,5.147981291871644299e-02,5.351302345159559826e-01,4.133899525653274565e-01
3.656875000000000142e+01,1.309999999999999964e+01,4.679194454568191830e-02,5.653937353629847617e-01,3.878143200913334865e-01
3.691250000000000142e+01,1.309999999999999964e+01,4.230923099694382933e-02,5.965890972695008232e-01,3.611016717335552295e-01
3.725625000000000142e+01,1.309999999999999964e+01,3.804952430095949467e-02,6.282671014102453322e-01,3.336833742887951870e-01
3.760000000000000142e+01,1.309999999999999964e+01,3.403300156480052602e-02,6.599343122684112606e-01,3.060326861667881926e-01
3.794375000000000142e+01,1.309999999999999964e+01,3.027970193458382614e-02,6.910840345557913711e-01,2.786362635096246154e-01
3.828750000000000142e+01,1.309999999999999964e+01,2.680698446279116201e-02,7.212306003788777620e-01,2.519624151583310656e-01
3.863125000000000142e+01,1.309999999999999964e+01,2.362730619421939474e-02,7.499420603443460731e-01,2.264306334614345495e-01
3.897500000000000142e+01,1.309999999999999964e+01,2.074665982574841819e-02,7.768664988276794414e-01,2.023868413465721161e-01
3.931875000000000142e+01,1.309999999999999964e+01,1.816386801799352302e-02,8.017485286970466030e-01,1.800876032849598463e-01
3.966250000000000142e+01,1.309999999999999964e+01,1.587075136606506259e-02,8.244346129936275247e-01,1.596946356403075029e-01
4.000625000000000142e+01,1.309999999999999964e+01,1.385302443449336167e-02,8.448680359697672282e-01,1.412789395957393390e-01
4.035000000000000142e+01,1.309999999999999964e+01,1.209167149961041555e-02,8.630759860222395607e-01,1.248323424781499769e-01
4.069375000000000142e+01,1.309999999999999964e+01,1.056452582686393839e-02,8.791519894319325124e-01,1.102834847412036967e-01
4.103750000000000142e+01,1.309999999999999964e+01,9.247811823281987600e-03,8.932368629227132040e-01,9.751532525400488649e-02
4.138125000000000142e+01,1.309999999999999964e+01,8.117481408480353017e-03,9.055006950946730138e-01,8.638182349684660200e-02
4.172500000000000142e+01,1.309999999999999964e+01,7.150256226937620405e-03,9.161274603095088676e-01,7.672228346355373929e-02
4.206875000000000142e+01,1.309999999999999964e+01,6.324355652059938417e-03,9.253029956494559505e-01,6.837264869848398707e-02
4.241250000000000142e+01,1.309999999999999964e+01,5.619937505378393844e-03,9.332063963566611386e-01,6.117366613796031832e-02
4.275625000000000142e+01,1.309999999999999964e+01,5.019303499169219980e-03,9.400044580345634504e-01,5.497623846626747968e-02
4.310000000000000142e+01,1.309999999999999964e+01,4.506929127106137911e-03,9.458485888824690324e-01,4.964448199042482274e-02
4.344375000000000142e+01,1.309999999999999964e+01,4.069374175849281051e-03,9.508735719808303344e-01,4.505705384332021196e-02
4.378750000000000142e+01,1.309999999999999964e+01,3.695120707025451728e-03,9.551976120267179349e-01,4.110726726625649197e-02
4.413125000000000142e+01,1.309999999999999964e+01,3.374374241378529874e-03,9.589232010351455004e-01,3.770242472347586776e-02
4.447500000000000142e+01,1.309999999999999964e+01,3.098853357144289340e-03,9.621384483549562106e-01,3.476269828789951832e-02
4.481875000000000142e+01,1.309999999999999964e+01,2.861584134355407358e-03,9.649186220609428100e-01,3.221979380470180870e-02
4.516250000000000142e+01,1.309999999999999964e+01,2.656709154704977281e-03,9.673277326174979374e-01,3.001555822779697000e-02
4.550625000000000142e+01,1.309999999999999964e+01,2.479315966071206703e-03,9.694200538083450613e-01,2.810063022558376492e-02
4.585000000000000142e+01,1.309999999999999964e+01,2.325286706703596010e-03,9.712415220815892036e-01,2.643319121170724373e-02
4.619375000000000142e+01,1.309999999999999964e+01,2.191168577350428599e-03,9.728309869398854559e-01,2.497784448276408123e-02
4.653750000000000142e+01,1.309999999999999964e+01,2.074063705915002789e-03,9.742213053130903688e-01,2.370463098099480012e-02
4.688125000000000142e+01,1.309999999999999964e+01,1.971536389378085626e-03,9.754402851049797096e-01,2.258817850564224725e-02
4.722500000000000142e+01,1.309999999999999964e+01,1.881535511607739398e-03,9.765114898221856077e-01,2.160697466620666723e-02
4.756875000000000142e+01,1.309999999999999964e+01,1.802329973812465212e-03,9.774549192713255508e-01,2.074275075486204517e-02
4.791250000000000142e+01,1.309999999999999964e+01,1.732455135392788927e-03,9.782875821132689387e-01,1.997996275133815530e-02
4.825625000000000142e+01,1.309999999999999964e+01,1.670668481123873967e-03,9.790239755313490111e-01,1.930535598752712925e-02
4.860000000000000142e+01,1.309999999999999964e+01,1.615912965480064767e-03,9.796764860263132979e-01,1.870760100820656816e-02
4.894375000000000142e+01,1.309999999999999964e+01,1.567286713091322952e-03,9.802557237921102340e-01,1.817698949479840120e-02
4.928750000000000142e+01,1.309999999999999964e+01,1.524017963524734731e-03,9.807708014948282038e-01,1.770518054164707186e-02
4.963125000000000142e+01,1.309999999999999964e+01,1.485444333495103322e-03,9.812295667103158037e-01,1.728498895618894859e-02
4.997500000000000142e+01,1.309999999999999964e+01,1.450995629057691199e-03,9.816387958454410034e-01,1.691020852550123924e-02
5.031875000000000142e+01,1.309999999999999964e+01,1.420179575463721960e-03,9.820043561033987567e-01,1.657546432113759377e-02
5.066250000000000142e+01,1.309999999999999964e+01,1.392569945458444142e-03,9.823313409601107660e-01,1.627608909443074847e-02
5.100625000000000142e+01,1.309999999999999964e+01,1.367796660613310698e-03,9.826241836880269531e-01,1.600801965135979776e-02
5.135000000000000142e+01,1.309999999999999964e+01,1.345537517590747771e-03,9.828867526802231858e-01,1.576770980218609314e-02
5.169375000000000142e+01,1.309999999999999964e+01,1.325511254649838029e-03,9.831224316736509872e-01,1.555205707169915637e-02
5.203750000000000142e+01,1.309999999999999964e+01,1.307471725543798372e-03,9.833341874275790540e-01,1.535834084687715331e-02
5.238125000000000142e+01,1.309999999999999964e+01,1.291202990255691440e-03,9.835246269646978901e-01,1.518417004504645819e-02
5.272500000000000142e+01,1.309999999999999964e+01,1.276515166481859750e-03,9.836960461127545186e-01,1.502743872076361085e-02
5.306875000000000142e+01,1.309999999999999964e+01,1.263240913838372054e-03,9.838504707806464689e-01,1.488628830551524430e-02
5.341250000000000142e+01,1.309999999999999964e+01,1.251232445621339000e-03,9.839896921532574892e-01,1.475907540112119005e-02
5.375625000000000142e+01,1.309999999999999964e+01,1.240358981573386806e-03,9.841152967843765920e-01,1.464434423405012488e-02
5.410000000000000142e+01,1.309999999999999964e+01,1.230504570292615318e-03,9.842286923987901837e-01,1.454080303091729968e-02
5.444375000000000142e+01,1.309999999999999964e+01,1.221566222315448704e-03,9.843311300764738814e-01,1.444730370121049927e-02
5.478750000000000142e+01,1.309999999999999964e+01,1.213452305037231648e-03,9.844237233782444640e-01,1.436282431671845154e-02
5.513125000000000142e+01,1.309999999999999964e+01,1.206081158930280301e-03,9.845074648788006977e-01,1.428645396226899122e-02
5.547500000000000142e+01,1.309999999999999964e+01,1.199379901323255381e-03,9.845832404961321060e-01,1.421737960254440027e-02
5.581875000000000142e+01,1.309999999999999964e+01,1.193283389597040887e-03,9.846518419427551239e-01,1.415487466764782723e-02
5.616250000000000142e+01,1.309999999999999964e+01,1.187733320256161712e-03,9.847139775717825838e-01,1.409828910796128917e-02
5.650625000000000142e+01,1.309999999999999964e+01,1.182677444133924333e-03,9.847702818473877961e-01,1.404704070847819300e-02
5.685000000000000142e+01,1.309999999999999964e+01,1.178068881131037705e-03,9.848213236331849751e-01,1.400060748568403637e-02
5.719375000000000142e+01,1.309999999999999964e+01,1.173865520491846519e-03,9.848676134621030531e-01,1.395852101740512399e-02
5.753750000000000142e+01,1.309999999999999964e+01,1.170029494785893845e-03,9.849096099263833226e-01,1.392036057883079200e-02
5.788125000000000142e+01,1.309999999999999964e+01,1.166526717564650255e-03,9.849477253054949033e-01,1.388574797694046466e-02
5.822500000000000142e+01,1.309999999999999964e+01,1.163326476167823604e-03,9.849823305323385236e-01,1.385434299149356820e-02
5.856875000000000142e+01,1.309999999999999964e+01,1.160401072412984604e-03,9.850137595834858040e-01,1.382583934410109780e-02
5.891250000000000142e+01,1.309999999999999964e+01,1.157725504959072893e-03,9.850423133669049536e-01,1.379996112813611578e-02
5.925625000000000142e+01,1.309999999999999964e+01,1.155277188023277196e-03,9.850682631702607495e-01,1.377645964171589875e-02
3.210000000000000142e+01,1.320500000000000007e+01,1.296550261509326896e-01,2.990663893994200961e-01,5.712785844496472976e-01
3.244375000000000142e+01,1.320500000000000007e+01,1.221268465625062610e-01,3.077668236196046125e-01,5.701063298178892236e-01
3.278750000000000142e+01,1.320500000000000007e+01,1.148642953856530563e-01,3.176310858250799285e-01,5.675046187892669458e-01
3.313125000000000142e+01,1.320500000000000007e+01,1.078728149222084182e-01,3.288015956960647634e-01,5.633255893817267212e-01
3.347500000000000142e+01,1.320500000000000007e+01,1.011509744742650624e-01,3.414235517864653291e-01,5.574254737392696502e-01
3.381875000000000142e+01,1.320500000000000007e+01,9.469146529222308151e-02,3.556403991265240094e-01,5.496681355812529368e-01
3.416250000000000142e+01,1.320500000000000007e+01,8.848241536941697793e-02,3.715877250140750543e-01,5.399298596165079678e-01
3.450625000000000142e+01,1.320500000000000007e+01,8.250895329307599002e-02,3.893853205949715512e-01,5.281057261119525004e-01
3.485000000000000142e+01,1.320500000000000007e+01,7.675494239872544810e-02,4.091272683775507568e-01,5.141177892237237534e-01
3.519375000000000142e+01,1.320500000000000007e+01,7.120479561308012961e-02,4.308701628266554673e-01,4.979250415602644586e-01
3.553750000000000142e+01,1.320500000000000007e+01,6.584526396864646969e-02,4.546199669117300668e-01,4.795347691196233941e-01
3.588125000000000142e+01,1.320500000000000007e+01,6.066706747135947736e-02,4.803185447904306238e-01,4.590143877382100168e-01
3.622500000000000142e+01,1.320500000000000007e+01,5.566621071668681475e-02,5.078315258969942070e-01,4.365022633863189228e-01
3.656875000000000142e+01,1.320500000000000007e+01,5.084480852862550276e-02,5.369397077762797510e-01,4.122154836950948087e-01
3.691250000000000142e+01,1.320500000000000007e+01,4.621125491743773017e-02,5.673364790965726989e-01,3.864522659859895293e-01
3.725625000000000142e+01,1.320500000000000007e+01,4.177961768055570013e-02,5.986334981642855713e-01,3.595868841551588257e-01
3.760000000000000142e+01,1.320500000000000007e+01,3.756823848079436645e-02,6.303759252807110691e-01,3.320558362384944950e-01
3.794375000000000142e+01,1.320500000000000007e+01,3.359765456993501348e-02,6.620669054368765183e-01,3.043354399931884613e-01
3.828750000000000142e+01,1.320500000000000007e+01,2.988810296298281127e-02,6.931990388634564626e-01,2.769128581735606498e-01
3.863125000000000142e+01,1.320500000000000007e+01,2.645697598629885919e-02,7.232888149642116016e-01,2.502542090494894733e-01
3.897500000000000142e+01,1.320500000000000007e+01,2.331662684712789563e-02,7.519090320387749049e-01,2.247743411140971648e-01
3.931875000000000142e+01,1.320500000000000007e+01,2.047285681174908917e-02,7.787144758905096831e-01,2.008126672977411098e-01
3.966250000000000142e+01,1.320500000000000007e+01,1.792426849213959658e-02,8.034575538551396168e-01,1.786181776527207554e-01
4.000625000000000142e+01,1.320500000000000007e+01,1.566248887711482046e-02,8.259927138051318396e-01,1.583447973177533885e-01
4.035000000000000142e+01,1.320500000000000007e+01,1.367310627032150040e-02,8.462706362743557253e-01,1.400562574553228801e-01
4.069375000000000142e+01,1.320500000000000007e+01,1.193706790654029855e-02,8.643247692848803343e-01,1.237381628085793273e-01
4.103750000000000142e+01,1.320500000000000007e+01,1.043226259979905882e-02,8.802534787109220771e-01,1.093142586892787843e-01
4.138125000000000142e+01,1.320500000000000007e+01,9.135052053729971269e-03,8.942009545527919157e-01,9.666399339347807318e-02
4.172500000000000142e+01,1.320500000000000007e+01,8.021588011222159989e-03,9.063393195653851597e-01,8.563909242339265426e-02
4.206875000000000142e+01,1.320500000000000007e+01,7.068832369334302444e-03,9.168534706610296237e-01,7.607769696963623263e-02
4.241250000000000142e+01,1.320500000000000007e+01,6.255264305057343932e-03,9.259293198437258399e-01,6.781541585121693416e-02
4.275625000000000142e+01,1.320500000000000007e+01,5.561303727667964159e-03,9.337454444731511094e-01,6.069325179918098889e-02
4.310000000000000142e+01,1.320500000000000007e+01,4.969503982958298205e-03,9.404677487760091381e-01,5.456274724103265389e-02
4.344375000000000142e+01,1.320500000000000007e+01,4.464573426438144671e-03,9.462465491867894096e-01,4.928887738677228958e-02
4.378750000000000142e+01,1.320500000000000007e+01,4.033281364237850490e-03,9.512154634272771414e-01,4.475125520848510091e-02
4.413125000000000142e+01,1.320500000000000007e+01,3.664294325871087291e-03,9.554915434837100152e-01,4.084416219041893392e-02
4.447500000000000142e+01,1.320500000000000007e+01,3.347977530769504113e-03,9.591761951116413165e-01,3.747582735758909350e-02
4.481875000000000142e+01,1.320500000000000007e+01,3.076186022141512433e-03,9.623565374759879276e-01,3.456727650187053219e-02
4.516250000000000142e+01,1.320500000000000007e+01,2.842061331783564491e-03,9.651069572369278537e-01,3.205098143128861515e-02
4.550625000000000142e+01,1.320500000000000007e+01,2.639842982119277714e-03,9.674906937812450813e-01,2.986946323663574807e-02
4.585000000000000142e+01,1.320500000000000007e+01,2.464699469365168143e-03,9.695613549390823538e-01,2.797394559155252577e-02
4.619375000000000142e+01,1.320500000000000007e+01,2.312580263304697768e-03,9.713643074123410326e-01,2.632311232435423018e-02
4.653750000000000142e+01,1.320500000000000007e+01,2.180088427741285265e-03,9.729379166129831225e-01,2.488199495927547605e-02
4.688125000000000142e+01,1.320500000000000007e+01,2.064372372361968164e-03,9.743146301641796292e-01,2.362099746345838053e-02
4.722500000000000142e+01,1.320500000000000007e+01,1.963034718383738133e-03,9.755219110369292013e-01,2.251505424468695782e-02
4.756875000000000142e+01,1.320500000000000007e+01,1.874056092339833508e-03,9.765830326483506685e-01,2.154291125930957174e-02
4.791250000000000142e+01,1.320500000000000007e+01,1.795731709600025721e-03,9.775177510898666045e-01,2.068651720053317836e-02
4.825625000000000142e+01,1.320500000000000007e+01,1.726618773588202904e-03,9.783428703107696078e-01,1.993051091564215088e-02
4.860000000000000142e+01,1.320500000000000007e+01,1.665492934777053910e-03,9.790727154662510756e-01,1.926179159897197998e-02
4.894375000000000142e+01,1.320500000000000007e+01,1.611312286474490775e-03,9.797195283510666819e-01,1.866915936245883839e-02
4.928750000000000142e+01,1.320500000000000007e+01,1.563187599761815252e-03,9.802937972628713581e-01,1.814301513736683164e-02
4.963125000000000142e+01,1.320500000000000007e+01,1.520357706032534045e-03,9.808045320044169735e-01,1.767511028955048163e-02
4.997500000000000142e+01,1.320500000000000007e+01,1.482169117445082500e-03,9.812594931725845404e-01,1.725833770997033459e-02
5.031875000000000142e+01,1.320500000000000007e+01,1.448059132255606661e-03,9.816653834615880481e-01,1.688655740615633075e-02
5.066250000000000142e+01,1.320500000000000007e+01,1.417541804658118592e-03,9.820280074547972360e-01,1.655445074054476620e-02
5.100625000000000142e+01,1.320500000000000007e+01,1.390196269739603710e-03,9.823524052980689980e-01,1.625739843219127859e-02
5.135000000000000142e+01,1.320500000000000007e+01,1.365657006182222641e-03,9.826429647278804858e-01,1.599137826593733172e-02
5.169375000000000142e+01,1.320500000000000007e+01,1.343605695164625620e-03,9.829035151541554161e-01,1.575287915068004224e-02
5.203750000000000142e+01,1.320500000000000007e+01,1.323764396097962650e-03,9.831374068524189047e-01,1.553882875148307127e-02
5.238125000000000142e+01,1.320500000000000007e+01,1.305889810671489104e-03,9.833475777846212296e-01,1.534653240470730193e-02
5.272500000000000142e+01,1.320500000000000007e+01,1.289768448160511687e-03,9.835366101257714266e-01,1.517362142606801939e-02
5.306875000000000142e+01,1.320500000000000007e+01,1.275212538749455598e-03,9.837067782092540069e-01,1.501800925199658562e-02
5.341250000000000142e+01,1.320500000000000007e+01,1.262056569151066452e-03,9.838600893041899997e-01,1.487785412665909753e-02
5.375625000000000142e+01,1.320500000000000007e+01,1.250154337224448952e-03,9.839983183922280663e-01,1.475152727054751707e-02
5.410000000000000142e+01,1.320500000000000007e+01,1.239376440564986769e-03,9.841230379092209546e-01,1.463758565021407165e-02
5.444375000000000142e+01,1.320500000000000007e+01,1.229608128939905934e-03,9.842356432514729470e-01,1.453474861958724967e-02
5.478750000000000142e+01,1.320500000000000007e+01,1.220747462609360215e-03,9.843373747101086257e-01,1.444187782728181650e-02
5.513125000000000142e+01,1.320500000000000007e+01,1.212703728520119102e-03,9.844293363852137935e-01,1.435795988626597380e-02
5.547500000000000142e+01,1.320500000000000007e+01,1.205396074505073840e-03,9.845125125393249244e-01,1.428209138617013950e-02
5.581875000000000142e+01,1.320500000000000007e+01,1.198752328304353082e-03,9.845877817740040783e-01,1.421346589769149384e-02
5.616250000000000142e+01,1.320500000000000007e+01,1.192707973716684638e-03,9.846559293506434996e-01,1.415136267563982427e-02
5.650625000000000142e+01,1.320500000000000007e+01,1.187205260713365381e-03,9.847176579249146133e-01,1.409513681437208482e-02
5.685000000000000142e+01,1.320500000000000007e+01,1.182192430081026443e-03,9.847735969214616025e-01,1.404421064845747316e-02
5.719375000000000142e+01,1.320500000000000007e+01,1.177623036247861955e-03,9.848243107398950702e-01,1.399806622385684103e-02
5.753750000000000142e+01,1.320500000000000007e+01,1.173455354508703757e-03,9.848703059536143556e-01,1.395623869187682595e-02
5.788125000000000142e+01,1.320500000000000007e+01,1.169651860992338907e-03,9.849120376383675435e-01,1.391831050064010027e-02
5.822500000000000142e+01,1.320500000000000007e+01,1.166178775487329436e-03,9.849499149469236325e-01,1.388390627758909375e-02
5.856875000000000142e+01,1.320500000000000007e+01,1.163005658722987123e-03,9.849843060290192076e-01,1.385268831225780831e-02
5.891250000000000142e+01,1.320500000000000007e+01,1.160105056941775330e-03,9.850155423813206079e-01,1.382435256173770131e-02
5.925625000000000142e+01,1.320500000000000007e+01,1.157452187639635604e-03,9.850439227000026277e-01,1.379862511235772221e-02
3.210000000000000142e+01,1.331000000000000050e+01,1.356566862767107640e-01,2.913047218214396827e-01,5.730385919018495811e-01
3.244375000000000142e+01,1.331000000000000050e+01,1.279638538281157589e-01,2.990272030179476626e-01,5.730089431539365785e-01
3.278750000000000142e+01,1.331000000000000050e+01,1.205287266685667463e-01,3.077928690334002515e-01,5.716784042980330716e-01
3.313125000000000142e+01,1.331000000000000050e+01,1.133622428278232425e-01,3.177390143437738845e-01,5.688987428284029146e-01
3.347500000000000142e+01,1.331000000000000050e+01,1.064679351941304197e-01,3.290086390512423353e-01,5.645234257546273282e-01
3.381875000000000142e+01,1.331000000000000050e+01,9.984262855340346465e-02,3.417471143311916482e-01,5.584102571154048178e-01
3.416250000000000142e+01,1.331000000000000050e+01,9.347749920078628205e-02,3.560975517132591306e-01,5.504249490859546290e-01
3.450625000000000142e+01,1.331000000000000050e+01,8.735943454733073599e-02,3.721945763457630840e-01,5.404459891069062216e-01
3.485000000000000142e+01,1.331000000000000050e+01,8.147262242713824987e-02,3.901562438961290735e-01,5.283711336767327182e-01
3.519375000000000142e+01,1.331000000000000050e+01,7.580029308710198310e-02,4.100739726588081835e-01,5.141257342540896946e-01
3.553750000000000142e+01,1.331000000000000050e+01,7.032652625751979747e-02,4.320006220409466358e-01,4.976728517015335251e-01
3.588125000000000142e+01,1.331000000000000050e+01,6.503801781888630951e-02,4.559372584777621196e-01,4.790247237033514738e-01
3.622500000000000142e+01,1.331000000000000050e+01,5.992567548783898912e-02,4.818196991801196871e-01,4.582546253320412544e-01
3.656875000000000142e+01,1.331000000000000050e+01,5.498588617912557319e-02,5.095065432723675514e-01,4.355075705485069171e-01
3.691250000000000142e+01,1.331000000000000050e+01,5.022128104285038253e-02,5.387709409447549724e-01,4.110077780123946867e-01
3.725625000000000142e+01,1.331000000000000050e+01,4.564083399791196705e-02,5.692985937318342238e-01,3.850605722702537537e-01
3.760000000000000142e+01,1.331000000000000050e+01,4.125918159259156504e-02,6.006941811628654371e-01,3.580466372445429424e-01
3.794375000000000142e+01,1.331000000000000050e+01,3.709515278430895041e-02,6.324974106643735938e-01,3.304074365513174905e-01
3.828750000000000142e+01,1.331000000000000050e+01,3.316963554877454950e-02,6.642082356278468103e-01,3.026221288233786333e-01
3.863125000000000142e+01,1.331000000000000050e+01,2.950305103162982612e-02,6.953188134131875753e-01,2.751781355551825570e-01
3.897500000000000142e+01,1.331000000000000050e+01,2.611280977069872430e-02,7.253480508402901927e-01,2.485391393890111766e-01
3.931875000000000142e+01,1.331000000000000050e+01,2.301114739768623380e-02,7.538737166173679061e-01,2.231151359849458393e-01
3.966250000000000142e+01,1.331000000000000050e+01,2.020366313157742968e-02,7.805574555527481362e-01,1.992388813156744654e-01
4.000625000000000142e+01,1.331000000000000050e+01,1.768873273664237772e-02,8.051595484540581271e-01,1.771517188092994743e-01
4.035000000000000142e+01,1.331000000000000050e+01,1.545778629270307125e-02,8.275424306963679033e-01,1.569997830109290948e-01
4.069375000000000142e+01,1.331000000000000050e+01,1.349628503892395977e-02,8.476641201463599451e-01,1.388395948147161385e-01
4.103750000000000142e+01,1.331000000000000050e+01,1.178513962713563339e-02,8.655642252348222376e-01,1.226506351380421689e-01
4.138125000000000142e+01,1.331000000000000050e+01,1.030229503427157640e-02,8.813458339294819588e-01,1.083518710362465359e-01
4.172500000000000142e+01,1.331000000000000050e+01,9.024250267812490220e-03,8.951563919729536023e-01,9.581935775923397514e-02
4.206875000000000142e+01,1.331000000000000050e+01,7.927355924976968796e-03,9.071699511505001423e-01,8.490269292452290451e-02
4.241250000000000142e+01,1.331000000000000050e+01,6.988812170513943739e-03,9.175722447711243124e-01,7.543894305836179592e-02
4.275625000000000142e+01,1.331000000000000050e+01,6.187355158950202244e-03,9.265491943940808994e-01,6.726345044696882547e-02
4.310000000000000142e+01,1.331000000000000050e+01,5.503663494825622102e-03,9.342788135692506879e-01,6.021752293592389643e-02
4.344375000000000142e+01,1.331000000000000050e+01,4.920538486135501120e-03,9.409260856228034431e-01,5.415337589106084676e-02
4.378750000000000142e+01,1.331000000000000050e+01,4.422917648177633262e-03,9.466402184986031365e-01,4.893686385321932564e-02
4.413125000000000142e+01,1.331000000000000050e+01,3.997776259705624821e-03,9.515536571647467134e-01,4.444856657554766693e-02
4.447500000000000142e+01,1.331000000000000050e+01,3.633962047904596652e-03,9.557822998679769144e-01,4.058373808411845640e-02
4.481875000000000142e+01,1.331000000000000050e+01,3.321997003020789492e-03,9.594264691046366922e-01,3.725153389234250184e-02
4.516250000000000142e+01,1.331000000000000050e+01,3.053870070789753595e-03,9.625722991558747221e-01,3.437383077333557718e-02
4.550625000000000142e+01,1.331000000000000050e+01,2.822836031415561133e-03,9.652933016588125525e-01,3.188386230977176966e-02
4.585000000000000142e+01,1.331000000000000050e+01,2.623229479252877760e-03,9.676519516075700045e-01,2.972481891317719019e-02
4.619375000000000142e+01,1.331000000000000050e+01,2.450298290457955924e-03,9.697011973637328364e-01,2.784850434580911360e-02
4.653750000000000142e+01,1.331000000000000050e+01,2.300057960576370499e-03,9.714858418898415504e-01,2.621410014958193424e-02
4.688125000000000142e+01,1.331000000000000050e+01,2.169166335803678416e-03,9.730437719023528054e-01,2.478706176184349366e-02
4.722500000000000142e+01,1.331000000000000050e+01,2.054817217062286563e-03,9.744070304605835231e-01,2.353815232235417082e-02
4.756875000000000142e+01,1.331000000000000050e+01,1.954650818041887752e-03,9.756027397085061947e-01,2.244260947345205412e-02
4.791250000000000142e+01,1.331000000000000050e+01,1.866678907699205166e-03,9.766538864886514792e-01,2.147943460364930626e-02
4.825625000000000142e+01,1.331000000000000050e+01,1.789222523601189134e-03,9.775799861622680442e-01,2.063079131413078290e-02
4.860000000000000142e+01,1.331000000000000050e+01,1.720860309984986085e-03,9.783976404875793786e-01,1.988149920243577687e-02
4.894375000000000142e+01,1.331000000000000050e+01,1.660385752346992764e-03,9.791210047115047610e-01,1.921860953614824841e-02
4.928750000000000142e+01,1.331000000000000050e+01,1.606771811328665603e-03,9.797621777011296107e-01,1.863105048754169074e-02
4.963125000000000142e+01,1.331000000000000050e+01,1.559141681192016638e-03,9.803315273474094704e-01,1.810933097139850317e-02
4.997500000000000142e+01,1.331000000000000050e+01,1.516744601189550824e-03,9.808379618367517594e-01,1.764529356205866290e-02
5.031875000000000142e+01,1.331000000000000050e+01,1.478935826999747995e-03,9.812891558310791185e-01,1.723190834192118992e-02
5.066250000000000142e+01,1.331000000000000050e+01,1.445160023306641143e-03,9.816917391866113451e-01,1.686310079008188426e-02
5.100625000000000142e+01,1.331000000000000050e+01,1.414937468844731710e-03,9.820514546005105760e-01,1.653360793064457754e-02
5.135000000000000142e+01,1.331000000000000050e+01,1.387852574134979759e-03,9.823732895048237213e-01,1.623885792104130463e-02
5.169375000000000142e+01,1.331000000000000050e+01,1.363544302412616604e-03,9.826615866186642068e-01,1.597486907892311722e-02
5.203750000000000142e+01,1.331000000000000050e+01,1.341698158611879599e-03,9.829201368061448729e-01,1.573816503524324423e-02
5.238125000000000142e+01,1.331000000000000050e+01,1.322039472256955443e-03,9.831522572510027480e-01,1.552570327674030956e-02
5.272500000000000142e+01,1.331000000000000050e+01,1.304327749965805260e-03,9.833608574310368500e-01,1.533481481899744321e-02
5.306875000000000142e+01,1.331000000000000050e+01,1.288351913952069487e-03,9.835484949395653098e-01,1.516315314648259728e-02
5.341250000000000142e+01,1.331000000000000050e+01,1.273926276061125226e-03,9.837174228421140532e-01,1.500865088182473314e-02
5.375625000000000142e+01,1.331000000000000050e+01,1.260887123879306151e-03,9.838696299614148044e-01,1.486948291470607461e-02
5.410000000000000142e+01,1.331000000000000050e+01,1.249089817451988797e-03,9.840068752414288245e-01,1.474403494111913362e-02
5.444375000000000142e+01,1.331000000000000050e+01,1.238406313073399509e-03,9.841307171421646016e-01,1.463087654476202121e-02
5.478750000000000142e+01,1.331000000000000050e+01,1.228723045234227963e-03,9.842425388537214825e-01,1.452873810104418281e-02
5.513125000000000142e+01,1.331000000000000050e+01,1.219939109755268421e-03,9.843435699838724018e-01,1.443649090637234844e-02
5.547500000000000142e+01,1.331000000000000050e+01,1.211964700901130591e-03,9.844349052632215269e-01,1.435313003587725122e-02
5.581875000000000142e+01,1.331000000000000050e+01,1.204719763267506202e-03,9.845175207212629731e-01,1.427775951546945109e-02
5.616250000000000142e+01,1.331000000000000050e+01,1.198132825799094660e-03,9.845922877118985506e-01,1.420957946230243241e-02
5.650625000000000142e+01,1.331000000000000050e+01,1.192139990691627521e-03,9.846599851052971752e-01,1.414787490401115885e-02
5.685000000000000142e+01,1.331000000000000050e+01,1.186684054376595807e-03,9.847213099119853652e-01,1.409200603363807737e-02
5.719375000000000142e+01,1.331000000000000050e+01,1.181713741457206864e-03,9.847768865628288015e-01,1.404139969571392178e-02
5.753750000000000142e+01,1.331000000000000050e+01,1.177183035500420577e-03,9.848272750335409498e-01,1.399554193095869058e-02
5.788125000000000142e+01,1.331000000000000050e+01,1.173050593107857016e-03,9.848729779732110501e-01,1.395397143368088365e-02
5.822500000000000142e+01,1.331000000000000050e+01,1.169279229781574692e-03,9.849144469720848560e-01,1.391627379813361286e-02
5.856875000000000142e+01,1.331000000000000050e+01,1.165835467844730236e-03,9.849520880835412884e-01,1.388207644861414423e-02
5.891250000000000142e+01,1.331000000000000050e+01,1.162689138133958218e-03,9.849862666982595050e-01,1.385104416360657432e-02
5.925625000000000142e+01,1.331000000000000050e+01,1.159813028400457540e-03,9.850173118543110728e-01,1.382287511728845161e-02
3.210000000000000142e+01,1.341500000000000092e+01,1.417473516992004967e-01,2.843686392762355686e-01,5.738840090245639347e-01
3.244375000000000142e+01,1.341500000000000092e+01,1.338983801666400186e-01,2.912146759253452233e-01,5.748869439080147581e-01
3.278750000000000142e+01,1.341500000000000092e+01,1.262949718377895381e-01,2.989894011238377614e-01,5.747156270383727561e-01
3.313125000000000142e+01,1.341500000000000092e+01,1.189537678720340025e-01,3.078231956453906237e-01,5.732230364825753322e-01
3.347500000000000142e+01,1.341500000000000092e+01,1.118837293984345505e-01,3.178541953304304668e-01,5.702620752711350383e-01
3.381875000000000142e+01,1.341500000000000092e+01,1.050865159031788981e-01,3.292259085504766203e-01,5.656875755463445232e-01
3.416250000000000142e+01,1.341500000000000092e+01,9.855726035472855973e-02,3.420838043125929429e-01,5.593589353326784419e-01
3.450625000000000142e+01,1.341500000000000092e+01,9.228568808430155646e-02,3.565705825489253189e-01,5.511437293667732495e-01
3.485000000000000142e+01,1.341500000000000092e+01,8.625751589694377608e-02,3.728198232940951318e-01,5.409226608089610089e-01
3.519375000000000142e+01,1.341500000000000092e+01,8.045606211737046931e-02,3.909477571826791564e-01,5.285961806999504020e-01
3.553750000000000142e+01,1.341500000000000092e+01,7.486399256511934441e-02,4.110430413737555244e-01,5.140929660611250895e-01
3.588125000000000142e+01,1.341500000000000092e+01,6.946511693120514808e-02,4.331546974789601823e-01,4.973801855898344892e-01
3.622500000000000142e+01,1.341500000000000092e+01,6.424613150216605673e-02,4.572787921280146994e-01,4.784750763698193965e-01
3.656875000000000142e+01,1.341500000000000092e+01,5.919817821554593240e-02,4.833450017892345074e-01,4.574568199952196434e-01
3.691250000000000142e+01,1.341500000000000092e+01,5.431806279801458526e-02,5.112048256749063269e-01,4.344771115270790740e-01
3.725625000000000142e+01,1.341500000000000092e+01,4.960895863568876019e-02,5.406237389956993766e-01,4.097673023686119742e-01
3.760000000000000142e+01,1.341500000000000092e+01,4.508043477953624367e-02,5.712797877713489125e-01,3.836397774491147605e-01
3.794375000000000142e+01,1.341500000000000092e+01,4.074770158577879081e-02,6.027707752460758073e-01,3.564815231681452978e-01
3.828750000000000142e+01,1.341500000000000092e+01,3.663007151213911600e-02,6.346311300401666911e-01,3.287387984476941583e-01
3.863125000000000142e+01,1.341500000000000092e+01,3.274877276344403260e-02,6.663578460245028756e-01,3.008933812120531126e-01
3.897500000000000142e+01,1.341500000000000092e+01,2.912439620698322948e-02,6.974429005426585615e-01,2.734327032503582333e-01
3.931875000000000142e+01,1.341500000000000092e+01,2.577435523946034965e-02,7.274078757993244215e-01,2.468177689612151837e-01
3.966250000000000142e+01,1.341500000000000092e+01,2.271075419882856092e-02,7.558357284369002782e-01,2.214535173642711852e-01
4.000625000000000142e+01,1.341500000000000092e+01,1.993897986582019236e-02,7.823951126794527200e-01,1.976659074547269523e-01
4.035000000000000142e+01,1.341500000000000092e+01,1.745717467849710117e-02,8.068542540878937963e-01,1.756885712336091754e-01
4.069375000000000142e+01,1.341500000000000092e+01,1.525656882840679095e-02,8.290835712664836876e-01,1.556598599051094434e-01
4.103750000000000142e+01,1.341500000000000092e+01,1.332249595590444431e-02,8.490483552102946474e-01,1.376291488338009239e-01
4.138125000000000142e+01,1.341500000000000092e+01,1.163583078316705356e-02,8.667942723318922127e-01,1.215698968849408396e-01
4.172500000000000142e+01,1.341500000000000092e+01,1.017457519126477479e-02,8.824290138995639632e-01,1.073964109091710556e-01
4.206875000000000142e+01,1.341500000000000092e+01,8.915365578412087072e-03,8.961031640591212710e-01,9.498147036246663844e-02
4.241250000000000142e+01,1.341500000000000092e+01,7.834750482175927358e-03,9.079925996527034027e-01,8.417264986512068559e-02
4.275625000000000142e+01,1.341500000000000092e+01,6.910166398039777925e-03,9.182838058503275391e-01,7.480602775163265605e-02
4.310000000000000142e+01,1.341500000000000092e+01,6.120603683289312785e-03,9.271626501165574075e-01,6.671674620015320689e-02
4.344375000000000142e+01,1.341500000000000092e+01,5.446996303691269137e-03,9.348065378457091068e-01,5.974646585059956855e-02
4.378750000000000142e+01,1.341500000000000092e+01,4.872389923157504840e-03,9.413795032692265918e-01,5.374810680761605425e-02
4.413125000000000142e+01,1.341500000000000092e+01,4.381947583489343399e-03,9.470296301582591392e-01,4.858842225825137778e-02
4.447500000000000142e+01,1.341500000000000092e+01,3.962847058284702829e-03,9.518881841062817317e-01,4.414896883543363570e-02
4.481875000000000142e+01,1.341500000000000092e+01,3.604114068518162774e-03,9.560699091370484792e-01,4.032597679443337274e-02
4.516250000000000142e+01,1.341500000000000092e+01,3.296424508767165171e-03,9.596740478523033691e-01,3.702952763892951304e-02
4.550625000000000142e+01,1.341500000000000092e+01,3.031898719981158778e-03,9.627857551788475687e-01,3.418234610117118488e-02
4.585000000000000142e+01,1.341500000000000092e+01,2.803902575747425473e-03,9.654776742552615421e-01,3.171842316899101816e-02
4.619375000000000142e+01,1.341500000000000092e+01,2.606863915113758270e-03,9.678115224351916401e-01,2.958161364969471435e-02
4.653750000000000142e+01,1.341500000000000092e+01,2.436108460975505794e-03,9.698395951211062904e-01,2.772429641791820248e-02
4.688125000000000142e+01,1.341500000000000092e+01,2.287716458321608932e-03,9.716061375409812406e-01,2.610614600069702945e-02
4.722500000000000142e+01,1.341500000000000092e+01,2.158399479494168410e-03,9.731485630937286579e-01,2.469303742677710772e-02
4.756875000000000142e+01,1.341500000000000092e+01,2.045395846202048735e-03,9.744985149927217760e-01,2.345608916107609979e-02
4.791250000000000142e+01,1.341500000000000092e+01,1.946382649302224807e-03,9.756827786328150509e-01,2.237083871788266010e-02
4.825625000000000142e+01,1.341500000000000092e+01,1.859402213359238496e-03,9.767240577690112779e-01,2.141654001762952411e-02
4.860000000000000142e+01,1.341500000000000092e+01,1.782800917098214177e-03,9.776416299911501184e-01,2.057556909175169146e-02
4.894375000000000142e+01,1.341500000000000092e+01,1.715178451236753186e-03,9.784518973630794703e-01,1.983292418568374446e-02
4.928750000000000142e+01,1.341500000000000092e+01,1.655345812830057292e-03,9.791688473222468492e-01,1.917580686492304301e-02
4.963125000000000142e+01,1.341500000000000092e+01,1.602290564208109841e-03,9.798044375680728946e-01,1.859327186771887047e-02
4.997500000000000142e+01,1.341500000000000092e+01,1.555148104301829230e-03,9.803689170586860069e-01,1.807593483701193729e-02
5.031875000000000142e+01,1.341500000000000092e+01,1.513177900127885738e-03,9.808710935977642542e-01,1.761572850210777613e-02
5.066250000000000142e+01,1.341500000000000092e+01,1.475743802117805616e-03,9.813185569449719425e-01,1.720569925291044397e-02
5.100625000000000142e+01,1.341500000000000092e+01,1.442297718188566714e-03,9.817178649836767468e-01,1.683983729813474592e-02
5.135000000000000142e+01,1.341500000000000092e+01,1.412366049323142544e-03,9.820746992504645334e-01,1.651293470021235332e-02
5.169375000000000142e+01,1.341500000000000092e+01,1.385538396300388300e-03,9.823939950731381821e-01,1.622046653056159748e-02
5.203750000000000142e+01,1.341500000000000092e+01,1.361458135775731873e-03,9.826800506664632451e-01,1.595849119776089620e-02
5.238125000000000142e+01,1.341500000000000092e+01,1.339814536853955540e-03,9.829366187814014832e-01,1.572356668174460653e-02
5.272500000000000142e+01,1.341500000000000092e+01,1.320336149106020361e-03,9.831669838756235125e-01,1.551267997527053591e-02
5.306875000000000142e+01,1.341500000000000092e+01,1.302785241878725480e-03,9.833740272526655390e-01,1.532318750545591350e-02
5.341250000000000142e+01,1.341500000000000092e+01,1.286953114642393420e-03,9.835602821873951074e-01,1.515276469796233115e-02
5.375625000000000142e+01,1.341500000000000092e+01,1.272656130637727029e-03,9.837279807016748867e-01,1.499936316768741250e-02
5.410000000000000142e+01,1.341500000000000092e+01,1.259732352572037707e-03,9.838790933632893809e-01,1.486117428413843110e-02
5.444375000000000142e+01,1.341500000000000092e+01,1.248038680695760100e-03,9.840153632424243346e-01,1.473659807687988099e-02
5.478750000000000142e+01,1.341500000000000092e+01,1.237448411181567894e-03,9.841383349639494238e-01,1.462421662486879798e-02
5.513125000000000142e+01,1.341500000000000092e+01,1.227849147080164495e-03,9.842493796328659617e-01,1.452277122005385564e-02
5.547500000000000142e+01,1.341500000000000092e+01,1.219141005849464767e-03,9.843497162780957543e-01,1.443114271605494374e-02
5.581875000000000142e+01,1.341500000000000092e+01,1.211235077042350540e-03,9.844404303511651300e-01,1.434833457179245791e-02
5.616250000000000142e+01,1.341500000000000092e+01,1.204052091593851804e-03,9.845224897269219122e-01,1.427345818148411521e-02
5.650625000000000142e+01,1.341500000000000092e+01,1.197521270595778859e-03,9.845967585797530397e-01,1.420572014965144209e-02
5.685000000000000142e+01,1.341500000000000092e+01,1.191579326748520070e-03,9.846640094479750527e-01,1.414441122527642161e-02
5.719375000000000142e+01,1.341500000000000092e+01,1.186169596048040290e-03,9.847249337488073184e-01,1.408889665514456366e-02
5.753750000000000142e+01,1.341500000000000092e+01,1.181241280873329778e-03,9.847801509646937346e-01,1.403860775443297251e-02
5.788125000000000142e+01,1.341500000000000092e+01,1.176748788624668854e-03,9.848302166872123786e-01,1.399303452416295404e-02
5.822500000000000142e+01,1.341500000000000092e+01,1.172651152539313677e-03,9.848756296760702300e-01,1.395171917139044135e-02
5.856875000000000142e+01,1.341500000000000092e+01,1.168911523369987231e-03,9.849168380667394640e-01,1.391425040989048394e-02
5.891250000000000142e+01,1.341500000000000092e+01,1.165496722327446144e-03,9.849542448402964778e-01,1.388025843737628572e-02
