bill_depth_mm,flipper_length_mm,Adelie,Gentoo,Chinstrap
1.309999999999999964e+01,1.720000000000000000e+02,1.328393712380132596e-01,7.666445837065959390e-01,1.005160450553908291e-01
1.320500000000000007e+01,1.720000000000000000e+02,1.587743562774086570e-01,7.232049719847408742e-01,1.180206717378505521e-01
1.331000000000000050e+01,1.720000000000000000e+02,1.887519265869638807e-01,6.735082556600504589e-01,1.377398177529856049e-01
1.341500000000000092e+01,1.720000000000000000e+02,2.225461278658010245e-01,6.181161816654674457e-01,1.593376904687315299e-01
1.352000000000000135e+01,1.720000000000000000e+02,2.595444987756924671e-01,5.582324558847105989e-01,1.822230453395970451e-01
1.362500000000000178e+01,1.720000000000000000e+02,2.987504560008660826e-01,4.956689127697521124e-01,2.055806312293818605e-01
1.373000000000000220e+01,1.720000000000000000e+02,3.388799198404534030e-01,4.326544199886229736e-01,2.284656601709235957e-01
1.383500000000000263e+01,1.720000000000000000e+02,3.785402432589620170e-01,3.715164719371668589e-01,2.499432848038710131e-01
1.394000000000000306e+01,1.720000000000000000e+02,4.164411831058840718e-01,3.143268595048311909e-01,2.692319573892847373e-01
1.404500000000000348e+01,1.720000000000000000e+02,4.515716131337099704e-01,2.626226846105493840e-01,2.858057022557407012e-01
1.415000000000000391e+01,1.720000000000000000e+02,4.832935249798727684e-01,2.172770610878637099e-01,2.994294139322635773e-01
1.425500000000000433e+01,1.720000000000000000e+02,5.113434635497936531e-01,1.785262770546399702e-01,3.101302593955663212e-01
1.436000000000000476e+01,1.720000000000000000e+02,5.357656761842880533e-01,1.461050358267528271e-01,3.181292879889591196e-01
1.446500000000000519e+01,1.720000000000000000e+02,5.568149143785695587e-01,1.194230024350856761e-01,3.237620831863448623e-01
1.457000000000000561e+01,1.720000000000000000e+02,5.748612071531464807e-01,9.772926067354603674e-02,3.274095321733074271e-01
1.467500000000000604e+01,1.720000000000000000e+02,5.903147334459348805e-01,8.023704048822494217e-02,3.294482260658401218e-01
1.478000000000000647e+01,1.720000000000000000e+02,6.035757880932632879e-01,6.620326170899661078e-02,3.302209501977401152e-01
1.488500000000000689e+01,1.720000000000000000e+02,6.150068750918733507e-01,5.497003590618796537e-02,3.300230890019386631e-01
1.499000000000000732e+01,1.720000000000000000e+02,6.249209391721228801e-01,4.597941482341341007e-02,3.290996460044637861e-01
1.509500000000000774e+01,1.720000000000000000e+02,6.335797763558300710e-01,3.877190615900532461e-02,3.276483174851645974e-01
1.520000000000000817e+01,1.720000000000000000e+02,6.411979794398238175e-01,3.297663788989475819e-02,3.258253826702814937e-01
1.530500000000000860e+01,1.720000000000000000e+02,6.479492966209767779e-01,2.829829302269109420e-02,3.237524103563321765e-01
1.541000000000000902e+01,1.720000000000000000e+02,6.539735396991243066e-01,2.450376130171700098e-02,3.215226989991587514e-01
1.551500000000000945e+01,1.720000000000000000e+02,6.593830611098547845e-01,2.140997989690172909e-02,3.192069589932435281e-01
1.562000000000000988e+01,1.720000000000000000e+02,6.642683732439880195e-01,1.887353904895000545e-02,3.168580877070620860e-01
1.572500000000001030e+01,1.720000000000000000e+02,6.687027994050468438e-01,1.678213664223118448e-02,3.145150639527218850e-01
1.583000000000001073e+01,1.720000000000000000e+02,6.727462071327711124e-01,1.504772741013586310e-02,3.122060654570930627e-01
1.593500000000001116e+01,1.720000000000000000e+02,6.764479439409486483e-01,1.360112050400732672e-02,3.099509355550441048e-01
1.604000000000001336e+01,1.720000000000000000e+02,6.798491142185427716e-01,1.238776449108949275e-02,3.077631212903677027e-01
1.614500000000001023e+01,1.720000000000000000e+02,6.829843295100199718e-01,1.136448052859600349e-02,3.056511899613840733e-01
1.625000000000001421e+01,1.720000000000000000e+02,6.858830471764600922e-01,1.049693980751429702e-02,3.036200130160256472e-01
1.635500000000001108e+01,1.720000000000000000e+02,6.885705923316992605e-01,9.757718754737935637e-03,3.016716889135628299e-01
1.646000000000001506e+01,1.720000000000000000e+02,6.910689387550007501e-01,9.124799615359160607e-03,2.998062616296400806e-01
1.656500000000001194e+01,1.720000000000000000e+02,6.933973077921157246e-01,8.580412983210815650e-03,2.980222792246733921e-01
1.667000000000001592e+01,1.720000000000000000e+02,6.955726304947800198e-01,8.110142370074751098e-03,2.963172271351453002e-01
1.677500000000001279e+01,1.720000000000000000e+02,6.976099072789871958e-01,7.702229516094434222e-03,2.946878632049185209e-01
1.688000000000001677e+01,1.720000000000000000e+02,6.995224908384728435e-01,7.347033619218515214e-03,2.931304755423085884e-01
1.698500000000001364e+01,1.720000000000000000e+02,7.013223115050276624e-01,7.036608793810055634e-03,2.916410797011623202e-01
1.709000000000001762e+01,1.720000000000000000e+02,7.030200592956421524e-01,6.764372568828364019e-03,2.902155681355294004e-01
1.719500000000001450e+01,1.720000000000000000e+02,7.046253331758085547e-01,6.524844698659369203e-03,2.888498221255320630e-01
1.730000000000001847e+01,1.720000000000000000e+02,7.061467653084417817e-01,6.313440462204563709e-03,2.875397942293537179e-01
1.740500000000001535e+01,1.720000000000000000e+02,7.075921260175552785e-01,6.126306342264547199e-03,2.862815676401801457e-01
1.751000000000001933e+01,1.720000000000000000e+02,7.089684136948428694e-01,5.960188795794029576e-03,2.850713975093631114e-01
1.761500000000001620e+01,1.720000000000000000e+02,7.102819327774524405e-01,5.812328966017246516e-03,2.839057382565301491e-01
1.772000000000002018e+01,1.720000000000000000e+02,7.115383621218323018e-01,5.680377816051988479e-03,2.827812600621157912e-01
1.782500000000001705e+01,1.720000000000000000e+02,7.127428155129883480e-01,5.562327406040193378e-03,2.816948570809714170e-01
1.793000000000002103e+01,1.720000000000000000e+02,7.138998956223594483e-01,5.456454986170812885e-03,2.806436493914695740e-01
1.803500000000001791e+01,1.720000000000000000e+02,7.150137424174561884e-01,5.361277307315932480e-03,2.796249802752279190e-01
1.814000000000002188e+01,1.720000000000000000e+02,7.160880768006189223e-01,5.275513112578866272e-03,2.786364100868022331e-01
1.824500000000001876e+01,1.720000000000000000e+02,7.171262400893859690e-01,5.198052206978815912e-03,2.776757077036352550e-01
1.835000000000002274e+01,1.720000000000000000e+02,7.181312298300228658e-01,5.127929838995962802e-03,2.767408403309811193e-01
1.845500000000001961e+01,1.720000000000000000e+02,7.191057323464448148e-01,5.064305389606196112e-03,2.758299622639490134e-01
1.856000000000002359e+01,1.720000000000000000e+02,7.200521523601136620e-01,5.006444569035143309e-03,2.749414030708511314e-01
1.866500000000002046e+01,1.720000000000000000e+02,7.209726399661279261e-01,4.953704481888744800e-03,2.740736555519834305e-01
1.877000000000002444e+01,1.720000000000000000e+02,7.218691152120203514e-01,4.905521047572622417e-03,2.732253637404070679e-01
1.887500000000002132e+01,1.720000000000000000e+02,7.227432904954734783e-01,4.861398362641624477e-03,2.723953111418848105e-01
1.898000000000002530e+01,1.720000000000000000e+02,7.235966909729018015e-01,4.820899670782059256e-03,2.715824093563160568e-01
1.908500000000002217e+01,1.720000000000000000e+02,7.244306731509868591e-01,4.783639669034473775e-03,2.707856871799786957e-01
1.919000000000002615e+01,1.720000000000000000e+02,7.252464418166256754e-01,4.749277929092933330e-03,2.700042802542813591e-01
1.929500000000002302e+01,1.720000000000000000e+02,7.260450654465142595e-01,4.717513252766250206e-03,2.692374213007194261e-01
1.940000000000002700e+01,1.720000000000000000e+02,7.268274902251936620e-01,4.688078813052221072e-03,2.684844309617542835e-01
1.950500000000002387e+01,1.720000000000000000e+02,7.275945527893991072e-01,4.660737958393281269e-03,2.677447092522075023e-01
1.961000000000002785e+01,1.720000000000000000e+02,7.283469918067151383e-01,4.635280578830092667e-03,2.670177276144546918e-01
1.971500000000002473e+01,1.720000000000000000e+02,7.290854584876075295e-01,4.611519949953473210e-03,2.663030215624389574e-01
1.982000000000002871e+01,1.720000000000000000e+02,7.298105261217986417e-01,4.589289984564825370e-03,2.656001838936365989e-01
1.992500000000002558e+01,1.720000000000000000e+02,7.305226987224849866e-01,4.568442833417882265e-03,2.649088584440970617e-01
2.003000000000002956e+01,1.720000000000000000e+02,7.312224188550731085e-01,4.548846785823592448e-03,2.642287343591033233e-01
2.013500000000002643e+01,1.720000000000000000e+02,7.319100747207977209e-01,4.530384428651447817e-03,2.635595408505509440e-01
2.024000000000003041e+01,1.720000000000000000e+02,7.325860065597949999e-01,4.512951028666868647e-03,2.629010424115380551e-01
2.034500000000002728e+01,1.720000000000000000e+02,7.332505124328506652e-01,4.496453108458238999e-03,2.622530344586909701e-01
2.045000000000003126e+01,1.720000000000000000e+02,7.339038534361169708e-01,4.480807190629232731e-03,2.616153393732537635e-01
2.055500000000002814e+01,1.720000000000000000e+02,7.345462583985610250e-01,4.465938688625216771e-03,2.609878029128136490e-01
2.066000000000003212e+01,1.720000000000000000e+02,7.351779281077339689e-01,4.451780925656827030e-03,2.603702909666092413e-01
2.076500000000002899e+01,1.720000000000000000e+02,7.357990391056076218e-01,4.438274265785713615e-03,2.597626866286067426e-01
2.087000000000003297e+01,1.720000000000000000e+02,7.364097470927164490e-01,4.425365343432306579e-03,2.591648875638512539e-01
2.097500000000002984e+01,1.720000000000000000e+02,7.370101899755928665e-01,4.413006379423353547e-03,2.585768036449838103e-01
2.108000000000003382e+01,1.720000000000000000e+02,7.376004905895295893e-01,4.401154573274818245e-03,2.579983548371957425e-01
2.118500000000003070e+01,1.720000000000000000e+02,7.381807591259810231e-01,4.389771562749810938e-03,2.574294693112692545e-01
2.129000000000003467e+01,1.720000000000000000e+02,7.387510952914256857e-01,4.378822942880476916e-03,2.568700817656938140e-01
2.139500000000003155e+01,1.720000000000000000e+02,7.393115902222299196e-01,4.368277837627622916e-03,2.563201319401423040e-01
1.309999999999999964e+01,1.727375000000000114e+02,1.192661702081013603e-01,7.895206737394689922e-01,9.121315605242966140e-02
1.320500000000000007e+01,1.727375000000000114e+02,1.428173036988408806e-01,7.498413512450003982e-01,1.073413450561587490e-01
1.331000000000000050e+01,1.727375000000000114e+02,1.703875492256403390e-01,7.038410898490016221e-01,1.257713609253579834e-01
1.341500000000000092e+01,1.727375000000000114e+02,2.019515016113990480e-01,6.517375679020324108e-01,1.463109304865686522e-01
1.352000000000000135e+01,1.727375000000000114e+02,2.371319447788449997e-01,5.943471020054379439e-01,1.685209532157170564e-01
1.362500000000000178e+01,1.727375000000000114e+02,2.751557723766691610e-01,5.331322588898310677e-01,1.917119687334997991e-01
1.373000000000000220e+01,1.727375000000000114e+02,3.148933310212762571e-01,4.701051937470928643e-01,2.150014752316309063e-01
1.383500000000000263e+01,1.727375000000000114e+02,3.549921336632841928e-01,4.075774867449375449e-01,2.374303795917784010e-01
1.394000000000000306e+01,1.727375000000000114e+02,3.940763961314915909e-01,3.478137992350343044e-01,2.581098046334741047e-01
1.404500000000000348e+01,1.727375000000000114e+02,4.309517904102323493e-01,2.926955836254861998e-01,2.763526259642815619e-01
1.415000000000000391e+01,1.727375000000000114e+02,4.647524956698995124e-01,2.434973487328784547e-01,2.917501555972221161e-01
1.425500000000000433e+01,1.727375000000000114e+02,4.949966304636704284e-01,2.008236702729688239e-01,3.041796992633608032e-01
1.436000000000000476e+01,1.727375000000000114e+02,5.215558520938869957e-01,1.646878353519405924e-01,3.137563125541723563e-01
1.446500000000000519e+01,1.727375000000000114e+02,5.445716696789506539e-01,1.346715869513291364e-01,3.207567433697201542e-01
1.457000000000000561e+01,1.727375000000000114e+02,5.643559209236468366e-01,1.101017955230551570e-01,3.255422835532980064e-01
1.467500000000000604e+01,1.727375000000000114e+02,5.813023605881602052e-01,9.020070863914922410e-02,3.284969307726906540e-01
1.478000000000000647e+01,1.727375000000000114e+02,5.958216820628915444e-01,7.419210675538583100e-02,3.299862111817225552e-01
1.488500000000000689e+01,1.727375000000000114e+02,6.083010684892081743e-01,6.136420261693152634e-02,3.303347288938602300e-01
1.499000000000000732e+01,1.727375000000000114e+02,6.190835865162017670e-01,5.109893066198330225e-02,3.298174828218147780e-01
1.509500000000000774e+01,1.727375000000000114e+02,6.284611937857572661e-01,4.287899498559401279e-02,3.286598112286487905e-01
1.520000000000000817e+01,1.727375000000000114e+02,6.366758573933305465e-01,3.628222474854619906e-02,3.270419178581231989e-01
1.530500000000000860e+01,1.727375000000000114e+02,6.439247692957695834e-01,3.096995713246035106e-02,3.251052735717700481e-01
1.541000000000000902e+01,1.727375000000000114e+02,6.503670903621660004e-01,2.667360359422550273e-02,3.229593060436085628e-01
1.551500000000000945e+01,1.727375000000000114e+02,6.561307616033960066e-01,2.318166906662792043e-02,3.206875693299760521e-01
1.562000000000000988e+01,1.727375000000000114e+02,6.613186609011914019e-01,2.032827385224264191e-02,3.183530652465659805e-01
1.572500000000001030e+01,1.727375000000000114e+02,6.660138300748509321e-01,1.798351597372687544e-02,3.160026539514221300e-01
1.583000000000001073e+01,1.727375000000000114e+02,6.702837414501315871e-01,1.604563814817677042e-02,3.136706204016915800e-01
1.593500000000001116e+01,1.727375000000000114e+02,6.741836909580578574e-01,1.443479501732555792e-02,3.113815140246165014e-01
1.604000000000001336e+01,1.727375000000000114e+02,6.777594496721789374e-01,1.308816203015901285e-02,3.091523882976621174e-01
1.614500000000001023e+01,1.727375000000000114e+02,6.810493118536485868e-01,1.195613110005699052e-02,3.069945570462944695e-01
1.625000000000001421e+01,1.727375000000000114e+02,6.840856654354011690e-01,1.099936732442115088e-02,3.049149672401777478e-01
1.635500000000001108e+01,1.727375000000000114e+02,6.868961918387724852e-01,1.018653817505523612e-02,3.029172699861722440e-01
1.646000000000001506e+01,1.727375000000000114e+02,6.895047819846643611e-01,9.492563031324501022e-03,3.010026549840111310e-01
1.656500000000001194e+01,1.727375000000000114e+02,6.919322370806538780e-01,8.897263064147616779e-03,2.991704998551985017e-01
1.667000000000001592e+01,1.727375000000000114e+02,6.941968072564180803e-01,8.384318197000610248e-03,2.974188745465812800e-01
1.677500000000001279e+01,1.727375000000000114e+02,6.963146085266568308e-01,7.940459318602292524e-03,2.957449321547407917e-01
1.688000000000001677e+01,1.727375000000000114e+02,6.982999486259375832e-01,7.554840760602333886e-03,2.941452106134599953e-01
1.698500000000001364e+01,1.727375000000000114e+02,7.001655845787144727e-01,7.218551082891311137e-03,2.926158643383940938e-01
1.709000000000001762e+01,1.727375000000000114e+02,7.019229290157767975e-01,6.924230196549099013e-03,2.911528407876740610e-01
1.719500000000001450e+01,1.727375000000000114e+02,7.035822178392715509e-01,6.665768465166901392e-03,2.897520136955615278e-01
1.730000000000001847e+01,1.727375000000000114e+02,7.051526485450988480e-01,6.438069205261414893e-03,2.884092822496398534e-01
1.740500000000001535e+01,1.727375000000000114e+02,7.066424960683853618e-01,6.236860389286458424e-03,2.871206435423280801e-01
1.751000000000001933e+01,1.727375000000000114e+02,7.080592112154507900e-01,6.058544677420623845e-03,2.858822441071286469e-01
1.761500000000001620e+01,1.727375000000000114e+02,7.094095054220733720e-01,5.900079425382663903e-03,2.846904151525440074e-01
1.772000000000002018e+01,1.727375000000000114e+02,7.106994246093398804e-01,5.758880231464570676e-03,2.835416951591955836e-01
1.782500000000001705e+01,1.727375000000000114e+02,7.119344142016044152e-01,5.632743045238411926e-03,2.824328427531571095e-01
1.793000000000002103e+01,1.727375000000000114e+02,7.131193768563747204e-01,5.519780974786054999e-03,2.813608421688393313e-01
1.803500000000001791e+01,1.727375000000000114e+02,7.142587240814309846e-01,5.418372782876807944e-03,2.803229031356921919e-01
1.814000000000002188e+01,1.727375000000000114e+02,7.153564226419645289e-01,5.327120718440036921e-03,2.793164566395954784e-01
1.824500000000001876e+01,1.727375000000000114e+02,7.164160364618777921e-01,5.244815835446010009e-03,2.783391477026761485e-01
1.835000000000002274e+01,1.727375000000000114e+02,7.174407645781311071e-01,5.170409342677637077e-03,2.773888260791913529e-01
1.845500000000001961e+01,1.727375000000000114e+02,7.184334756001944378e-01,5.102988831825298020e-03,2.764635355679803119e-01
1.856000000000002359e+01,1.727375000000000114e+02,7.193967390474735879e-01,5.041758468262681585e-03,2.755615024842636984e-01
1.866500000000002046e+01,1.727375000000000114e+02,7.203328538781995638e-01,4.986022414227262410e-03,2.746811237075731937e-01
1.877000000000002444e+01,1.727375000000000114e+02,7.212438744781222155e-01,4.935170899692299835e-03,2.738209546221855306e-01
1.887500000000002132e+01,1.727375000000000114e+02,7.221316343423869188e-01,4.888668470946777762e-03,2.729796971866663147e-01
1.898000000000002530e+01,1.727375000000000114e+02,7.229977676563624778e-01,4.846044037658119551e-03,2.721561883059794851e-01
1.908500000000002217e+01,1.727375000000000114e+02,7.238437289588819379e-01,4.806882411248817287e-03,2.713493886298692370e-01
1.919000000000002615e+01,1.727375000000000114e+02,7.246708110529251901e-01,4.770817084833120676e-03,2.705583718622417977e-01
1.929500000000002302e+01,1.727375000000000114e+02,7.254801613131949267e-01,4.737524050870340828e-03,2.697823146359347168e-01
1.940000000000002700e+01,1.727375000000000114e+02,7.262727965266102537e-01,4.706716489533629456e-03,2.690204869838560553e-01
1.950500000000002387e+01,1.727375000000000114e+02,7.270496163899501374e-01,4.678140190460636748e-03,2.682722434195892180e-01
1.961000000000002785e+01,1.727375000000000114e+02,7.278114157783891480e-01,4.651569594526637486e-03,2.675370146270841243e-01
1.971500000000002473e+01,1.727375000000000114e+02,7.285588958892160738e-01,4.626804361720417494e-03,2.668142997490634549e-01
1.982000000000002871e+01,1.727375000000000114e+02,7.292926743564409620e-01,4.603666387020663962e-03,2.661036592565383385e-01
1.992500000000002558e+01,1.727375000000000114e+02,7.300132944241567445e-01,4.581997199085072192e-03,2.654047083767581139e-01
2.003000000000002956e+01,1.727375000000000114e+02,7.307212332593281401e-01,4.561655687144428560e-03,2.647171110535275762e-01
2.013500000000002643e+01,1.727375000000000114e+02,7.314169094780603730e-01,4.542516110191683817e-03,2.640405744117479969e-01
2.024000000000003041e+01,1.727375000000000114e+02,7.321006899533152312e-01,4.524466349730285088e-03,2.633748436969545748e-01
2.034500000000002728e+01,1.727375000000000114e+02,7.327728959664158159e-01,4.507406373284669927e-03,2.627196976602995671e-01
2.045000000000003126e+01,1.727375000000000114e+02,7.334338087595231315e-01,4.491246880807745270e-03,2.620749443596692152e-01
2.055500000000002814e+01,1.727375000000000114e+02,7.340836745414883735e-01,4.475908110230640384e-03,2.614404173482809957e-01
2.066000000000003212e+01,1.727375000000000114e+02,7.347227089951111623e-01,4.461318781837178907e-03,2.608159722230516397e-01
2.076500000000002899e+01,1.727375000000000114e+02,7.353511013297945320e-01,4.447415164029765167e-03,2.602014835061758347e-01
2.087000000000003297e+01,1.727375000000000114e+02,7.359690179198822291e-01,4.434140245481508862e-03,2.595968418346361606e-01
2.097500000000002984e+01,1.727375000000000114e+02,7.365766055655658118e-01,4.421443000720939528e-03,2.590019514337132400e-01
2.108000000000003382e+01,1.727375000000000114e+02,7.371739944101169950e-01,4.409277737933985260e-03,2.584167278519491351e-01
2.118500000000003070e+01,1.727375000000000114e+02,7.377613005443509619e-01,4.397603519246752295e-03,2.578410959364022537e-01
2.129000000000003467e+01,1.727375000000000114e+02,7.383386283265942485e-01,4.386383645013497250e-03,2.572749880283922153e-01
2.139500000000003155e+01,1.727375000000000114e+02,7.389060724440301708e-01,4.375585194713953706e-03,2.567183423612559579e-01
1.309999999999999964e+01,1.734750000000000227e+02,1.070426728531157501e-01,8.102360466956929352e-01,8.272128045119131468e-02
1.320500000000000007e+01,1.734750000000000227e+02,1.282958645830777067e-01,7.742274996889015881e-01,9.747663572802055254e-02
1.331000000000000050e+01,1.734750000000000227e+02,1.534525806633354750e-01,7.319979195308772280e-01,1.145494998057873109e-01
1.341500000000000092e+01,1.734750000000000227e+02,1.826544178223377113e-01,6.834710650785660313e-01,1.338745170990962852e-01
1.352000000000000135e+01,1.734750000000000227e+02,2.157429421989346674e-01,6.290939008666802668e-01,1.551631569343850658e-01
1.362500000000000178e+01,1.734750000000000227e+02,2.521820938798161049e-01,5.699457625507892145e-01,1.778721435693946529e-01
1.373000000000000220e+01,1.734750000000000227e+02,2.910444959891920202e-01,5.077323531298065795e-01,2.012231508810014280e-01
1.383500000000000263e+01,1.734750000000000227e+02,3.310897297098911451e-01,4.446244564815827749e-01,2.242858138085260522e-01
1.394000000000000306e+01,1.734750000000000227e+02,3.709303523834212579e-01,3.829583174221655728e-01,2.461113301944132248e-01
1.404500000000000348e+01,1.734750000000000227e+02,4.092417264356319473e-01,3.248794376985100207e-01,2.658788358658579765e-01
1.415000000000000391e+01,1.734750000000000227e+02,4.449498587593179733e-01,2.720417525492606070e-01,2.830083886914214197e-01
1.425500000000000433e+01,1.734750000000000227e+02,4.773431301180691144e-01,2.254471740513669942e-01,2.972096958305637249e-01
1.436000000000000476e+01,1.734750000000000227e+02,5.060903066939141937e-01,1.854454197661691284e-01,3.084642735399166780e-01
1.446500000000000519e+01,1.734750000000000227e+02,5.311839283963135649e-01,1.518537397604564076e-01,3.169623318432301939e-01
1.457000000000000561e+01,1.734750000000000227e+02,5.528461094588115188e-01,1.241303641019254472e-01,3.230235264392629646e-01
1.467500000000000604e+01,1.734750000000000227e+02,5.714311416030459778e-01,1.015441621002300121e-01,3.270246962967238713e-01
1.478000000000000647e+01,1.734750000000000227e+02,5.873458607743532456e-01,8.330789366833303566e-02,3.293462455573136216e-01
1.488500000000000689e+01,1.734750000000000227e+02,6.009949227270038330e-01,6.866605466618878884e-02,3.303390226068073643e-01
1.499000000000000732e+01,1.734750000000000227e+02,6.127491160234798118e-01,5.694279759963147974e-02,3.303080863768886322e-01
1.509500000000000774e+01,1.734750000000000227e+02,6.229310069125257865e-01,4.756091115005029596e-02,3.295080819374239800e-01
1.520000000000000817e+01,1.734750000000000227e+02,6.318118115870614560e-01,4.004274173028280620e-02,3.281454466826558281e-01
1.530500000000000860e+01,1.734750000000000227e+02,6.396145654111863310e-01,3.400148462088552204e-02,3.263839499679282441e-01
1.541000000000000902e+01,1.734750000000000227e+02,6.465201916897883594e-01,2.912845725794411048e-02,3.243513510522675336e-01
1.551500000000000945e+01,1.734750000000000227e+02,6.526743963381440583e-01,2.517966026510690472e-02,3.221459433967490127e-01
1.562000000000000988e+01,1.734750000000000227e+02,6.581942676865008002e-01,2.196332969735990265e-02,3.198424026161393319e-01
1.572500000000001030e+01,1.734750000000000227e+02,6.631740705240645184e-01,1.932919120505703983e-02,3.174967382708784869e-01
1.583000000000001073e+01,1.734750000000000227e+02,6.676900776372726165e-01,1.715957061814047183e-02,3.151503517445869429e-01
1.593500000000001116e+01,1.734750000000000227e+02,6.718044673541152534e-01,1.536223837468254222e-02,3.128332942712023224e-01
1.604000000000001336e+01,1.734750000000000227e+02,6.755683986897270676e-01,1.386475165216709618e-02,3.105668496581057703e-01
1.614500000000001023e+01,1.734750000000000227e+02,6.790244016843544062e-01,1.261003246467664804e-02,3.083655658509689146e-01
1.625000000000001421e+01,1.734750000000000227e+02,6.822082174368424567e-01,1.155293688551235071e-02,3.062388456776451440e-01
1.635500000000001108e+01,1.734750000000000227e+02,6.851502064202199538e-01,1.065760441538405635e-02,3.041921891643958875e-01
1.646000000000001506e+01,1.734750000000000227e+02,6.878764237443810714e-01,9.895414048077632099e-03,3.022281622075412844e-01
1.656500000000001194e+01,1.734750000000000227e+02,6.904094405075716923e-01,9.243408545981273913e-03,3.003471509464471501e-01
1.667000000000001592e+01,1.734750000000000227e+02,6.927689731663031480e-01,8.683078415076437087e-03,2.985479484186204235e-01
1.677500000000001279e+01,1.734750000000000227e+02,6.949723685421452801e-01,8.199421592740608472e-03,2.968282098651142120e-01
1.688000000000001677e+01,1.734750000000000227e+02,6.970349806134985560e-01,7.780214349435719649e-03,2.951848050370658449e-01
1.698500000000001364e+01,1.734750000000000227e+02,6.989704662722484585e-01,7.415444104157664466e-03,2.936140896235938103e-01
1.709000000000001762e+01,1.734750000000000227e+02,7.007910203361524815e-01,7.096866563644691969e-03,2.921121131002028526e-01
1.719500000000001450e+01,1.734750000000000227e+02,7.025075648847345366e-01,6.817658547189481971e-03,2.906747765680760542e-01
1.730000000000001847e+01,1.734750000000000227e+02,7.041299040659962927e-01,6.572144669520997920e-03,2.892979512644827667e-01
1.740500000000001535e+01,1.734750000000000227e+02,7.056668526015709153e-01,6.355581222418471565e-03,2.879775661760105576e-01
1.751000000000001933e+01,1.734750000000000227e+02,7.071263440572705949e-01,6.163984513793850303e-03,2.867096714289355530e-01
1.761500000000001620e+01,1.734750000000000227e+02,7.085155233551170273e-01,5.993993894068897453e-03,2.854904827508139009e-01
1.772000000000002018e+01,1.734750000000000227e+02,7.098408268364887475e-01,5.842761955294494686e-03,2.843164112082167128e-01
1.782500000000001705e+01,1.734750000000000227e+02,7.111080523335129300e-01,5.707866104108619103e-03,2.831840815623784535e-01
1.793000000000002103e+01,1.734750000000000227e+02,7.123224210843466242e-01,5.587237017700669162e-03,2.820903418979526789e-01
1.803500000000001791e+01,1.734750000000000227e+02,7.134886328755838392e-01,5.479100492068623464e-03,2.810322666323474827e-01
1.814000000000002188e+01,1.734750000000000227e+02,7.146109154659142648e-01,5.381929958893757505e-03,2.800071545751920965e-01
1.824500000000001876e+01,1.734750000000000227e+02,7.156930691055461979e-01,5.294407537594265217e-03,2.790125233568594987e-01
1.835000000000002274e+01,1.734750000000000227e+02,7.167385067910785335e-01,5.215391944888111107e-03,2.780461012640335072e-01
1.845500000000001961e+01,1.734750000000000227e+02,7.177502907673868338e-01,5.143891937396006565e-03,2.771058172952171050e-01
1.856000000000002359e+01,1.734750000000000227e+02,7.187311656936236082e-01,5.079044237530661379e-03,2.761897900688456975e-01
1.866500000000002046e+01,1.734750000000000227e+02,7.196835888200747711e-01,5.020095107379262192e-03,2.752963160725460656e-01
1.877000000000002444e+01,1.734750000000000227e+02,7.206097574696066488e-01,4.966384903327514255e-03,2.744238576270658925e-01
1.887500000000002132e+01,1.734750000000000227e+02,7.215116340768299441e-01,4.917335076331599136e-03,2.735710308468384255e-01
1.898000000000002530e+01,1.734750000000000227e+02,7.223909690064241884e-01,4.872437187062534161e-03,2.727365938065133277e-01
1.908500000000002217e+01,1.734750000000000227e+02,7.232493213468189630e-01,4.831243587792750059e-03,2.719194350653881820e-01
1.919000000000002615e+01,1.734750000000000227e+02,7.240880778548400842e-01,4.793359488605229701e-03,2.711185626565548734e-01
1.929500000000002302e+01,1.734750000000000227e+02,7.249084702097459143e-01,4.758436177940528200e-03,2.703330936123133910e-01
1.940000000000002700e+01,1.734750000000000227e+02,7.257115907204665373e-01,4.726165209485439465e-03,2.695622440700480293e-01
1.950500000000002387e+01,1.734750000000000227e+02,7.264984066171144006e-01,4.696273401149842451e-03,2.688053199817357908e-01
1.961000000000002785e+01,1.734750000000000227e+02,7.272697730466348709e-01,4.668518519088665254e-03,2.680617084342764578e-01
1.971500000000002473e+01,1.734750000000000227e+02,7.280264448823955403e-01,4.642685541744939401e-03,2.673308695758595532e-01
1.982000000000002871e+01,1.734750000000000227e+02,7.287690874484386017e-01,4.618583416769606563e-03,2.666123291347918811e-01
1.992500000000002558e+01,1.734750000000000227e+02,7.294982862508530008e-01,4.596042238241695305e-03,2.659056715109053837e-01
2.003000000000002956e+01,1.734750000000000227e+02,7.302145558011429172e-01,4.574910783523733482e-03,2.652105334153334049e-01
2.013500000000002643e+01,1.734750000000000227e+02,7.309183476095203469e-01,4.555054358858589766e-03,2.645265980316209298e-01
2.024000000000003041e+01,1.734750000000000227e+02,7.316100574196533479e-01,4.536352910858141955e-03,2.638535896694884086e-01
2.034500000000002728e+01,1.734750000000000227e+02,7.322900317504945633e-01,4.518699367678723558e-03,2.631912688818266455e-01
2.045000000000003126e+01,1.734750000000000227e+02,7.329585738053976396e-01,4.501998179185662946e-03,2.625394280154165760e-01
2.055500000000002814e+01,1.734750000000000227e+02,7.336159488037129472e-01,4.486164029989753686e-03,2.618978871662973607e-01
2.066000000000003212e+01,1.734750000000000227e+02,7.342623887854502485e-01,4.471120703061096623e-03,2.612664905114884806e-01
2.076500000000002899e+01,1.734750000000000227e+02,7.348980969353597903e-01,4.456800074826710277e-03,2.606451029898134708e-01
2.087000000000003297e+01,1.734750000000000227e+02,7.355232514688768708e-01,4.443141225348033914e-03,2.600336073057750719e-01
2.097500000000002984e+01,1.734750000000000227e+02,7.361380091188068908e-01,4.430089649441930691e-03,2.594319012317511386e-01
2.108000000000003382e+01,1.734750000000000227e+02,7.367425082583293205e-01,4.417596556526916761e-03,2.588398951851438867e-01
2.118500000000003070e+01,1.734750000000000227e+02,7.373368716928948574e-01,4.405618248604356753e-03,2.582575100585006722e-01
2.129000000000003467e+01,1.734750000000000227e+02,7.379212091508233762e-01,4.394115567170470832e-03,2.576846752820061703e-01
2.139500000000003155e+01,1.734750000000000227e+02,7.384956194998767431e-01,4.383053401038981139e-03,2.571213270990842514e-01
1.309999999999999964e+01,1.742125000000000341e+02,9.608912496719267116e-02,8.288971282450393607e-01,7.501374678776806526e-02
1.320500000000000007e+01,1.742125000000000341e+02,1.151672693583676577e-01,7.964008739420056493e-01,8.843185669962672080e-02
1.331000000000000050e+01,1.742125000000000341e+02,1.379636149983732296e-01,7.579116139377022332e-01,1.041247710639245372e-01
1.341500000000000092e+01,1.742125000000000341e+02,1.647497089966798722e-01,7.131174335086265526e-01,1.221328574946936307e-01
1.352000000000000135e+01,1.742125000000000341e+02,1.955575147946992109e-01,6.621359432114430899e-01,1.423065419938577547e-01
1.362500000000000178e+01,1.742125000000000341e+02,2.300824529851231148e-01,6.056620268451665678e-01,1.642555201697102341e-01
1.373000000000000220e+01,1.742125000000000341e+02,2.676271023673402194e-01,5.450375389290635919e-01,1.873353587035961887e-01
1.383500000000000263e+01,1.742125000000000341e+02,3.071227507434738935e-01,4.821846831108786424e-01,2.106925661456474919e-01
1.394000000000000306e+01,1.742125000000000341e+02,3.472459914456063612e-01,4.193827739023856527e-01,2.333712346520079584e-01
1.404500000000000348e+01,1.742125000000000341e+02,3.866096102706931270e-01,3.589329940532274277e-01,2.544573956760793343e-01
1.415000000000000391e+01,1.742125000000000341e+02,4.239714975445089129e-01,3.028114023395352405e-01,2.732171001159559021e-01
1.425500000000000433e+01,1.742125000000000341e+02,4.583964117084083911e-01,2.524179644341737472e-01,2.891856238574178617e-01
1.436000000000000476e+01,1.742125000000000341e+02,4.893295377773521082e-01,2.084825395861295005e-01,3.021879226365183357e-01
1.446500000000000519e+01,1.742125000000000341e+02,5.165804746084219357e-01,1.711204499054789496e-01,3.122990754860990870e-01
1.457000000000000561e+01,1.742125000000000341e+02,5.402467463781824852e-01,1.399820202495840882e-01,3.197712333722332878e-01
1.467500000000000604e+01,1.742125000000000341e+02,5.606148490628508618e-01,1.144301284413746927e-01,3.249550224957745148e-01
1.478000000000000647e+01,1.742125000000000341e+02,5.780684035148339062e-01,9.369754609151879909e-02,3.282340503936472809e-01
1.488500000000000689e+01,1.742125000000000341e+02,5.930184005151862836e-01,7.700184138869478612e-02,3.299797580961187915e-01
1.499000000000000732e+01,1.742125000000000341e+02,6.058583542219595497e-01,6.361592393580678406e-02,3.305257218422337218e-01
1.509500000000000774e+01,1.742125000000000341e+02,6.169403979161022233e-01,5.290285218466821843e-02,3.301567498992294958e-01
1.520000000000000817e+01,1.742125000000000341e+02,6.265661599436993523e-01,4.432631178176470177e-02,3.291075282745359321e-01
1.530500000000000860e+01,1.742125000000000341e+02,6.349866884387735944e-01,3.744679357423417315e-02,3.275665179869922117e-01
1.541000000000000902e+01,1.742125000000000341e+02,6.424071172794807438e-01,3.191073250486763796e-02,3.256821502156515558e-01
1.551500000000000945e+01,1.742125000000000341e+02,6.489932531285268480e-01,2.743720352251716871e-02,3.235695433489559347e-01
1.562000000000000988e+01,1.742125000000000341e+02,6.548784414714929891e-01,2.380474868844627626e-02,3.213168098400607242e-01
1.572500000000001030e+01,1.742125000000000341e+02,6.601698746411918117e-01,2.083957337162597664e-02,3.189905519871822914e-01
1.583000000000001073e+01,1.742125000000000341e+02,6.649539997978113348e-01,1.840555445688699110e-02,3.166404457453016463e-01
1.593500000000001116e+01,1.742125000000000341e+02,6.693009610878605242e-01,1.639607699266684704e-02,3.143029619194726010e-01
1.604000000000001336e+01,1.742125000000000341e+02,6.732681473508820291e-01,1.472751624648357786e-02,3.120043364026344190e-01
1.614500000000001023e+01,1.742125000000000341e+02,6.769029723858549508e-01,1.333411129316420217e-02,3.097629163209807968e-01
1.625000000000001421e+01,1.742125000000000341e+02,6.802450264287827064e-01,1.216397197928010404e-02,3.075910015919371410e-01
1.635500000000001108e+01,1.742125000000000341e+02,6.833277277698499574e-01,1.117598708665084456e-02,3.054962851434992466e-01
1.646000000000001506e+01,1.742125000000000341e+02,6.861795851537270119e-01,1.033743795891690041e-02,3.034829768873561484e-01
1.656500000000001194e+01,1.742125000000000341e+02,6.888251614994751471e-01,9.622158815597072964e-03,3.015526796849277713e-01
1.667000000000001592e+01,1.742125000000000341e+02,6.912858107600435842e-01,9.009118063816407007e-03,2.997050711761399255e-01
1.677500000000001279e+01,1.742125000000000341e+02,6.935802436857293474e-01,8.481322672813639343e-03,2.979384336414570567e-01
1.688000000000001677e+01,1.742125000000000341e+02,6.957249651277289670e-01,8.024970081452696344e-03,2.962500647908182794e-01
1.698500000000001364e+01,1.742125000000000341e+02,6.977346151120020767e-01,7.628789762140786648e-03,2.946365951258570481e-01
1.709000000000001762e+01,1.742125000000000341e+02,6.996222378411300902e-01,7.283530256423028509e-03,2.930942319024469889e-01
1.719500000000001450e+01,1.742125000000000341e+02,7.013994966163591416e-01,6.981558008886655856e-03,2.916189453747540794e-01
1.730000000000001847e+01,1.742125000000000341e+02,7.030768480179030444e-01,6.716542343592704460e-03,2.902066096385043092e-01
1.740500000000001535e+01,1.742125000000000341e+02,7.046636852000575102e-01,6.483207019444414340e-03,2.888531077804981084e-01
1.751000000000001933e+01,1.742125000000000341e+02,7.061684575719804347e-01,6.277133421416675706e-03,2.875544090066028957e-01
1.761500000000001620e+01,1.742125000000000341e+02,7.075987722256660284e-01,6.094603947409778753e-03,2.863066238269241781e-01
1.772000000000002018e+01,1.742125000000000341e+02,7.089614810694008229e-01,5.932476807743680865e-03,2.851060421228554520e-01
1.782500000000001705e+01,1.742125000000000341e+02,7.102627565975572210e-01,5.788085473075745349e-03,2.839491579293669243e-01
1.793000000000002103e+01,1.742125000000000341e+02,7.115081584775516665e-01,5.659157543441893645e-03,2.828326839790063496e-01
1.803500000000001791e+01,1.742125000000000341e+02,7.127026925883953590e-01,5.543748984216870582e-03,2.817535584273878624e-01
1.814000000000002188e+01,1.742125000000000341e+02,7.138508637477021246e-01,5.440190572814728939e-03,2.807089456794830684e-01
1.824500000000001876e+01,1.742125000000000341e+02,7.149567230747482238e-01,5.347044089608913621e-03,2.796962328356428773e-01
1.835000000000002274e+01,1.742125000000000341e+02,7.160239107264380065e-01,5.263066317986390963e-03,2.787130229555756511e-01
1.845500000000001961e+01,1.742125000000000341e+02,7.170556945890461664e-01,5.187179329410682854e-03,2.777571260815431820e-01
1.856000000000002359e+01,1.742125000000000341e+02,7.180550053955085943e-01,5.118445848315295726e-03,2.768265487561761273e-01
1.866500000000002046e+01,1.742125000000000341e+02,7.190244686543321162e-01,5.056048740094882567e-03,2.759194826055730299e-01
1.877000000000002444e+01,1.742125000000000341e+02,7.199664337135983638e-01,4.999273859705546594e-03,2.750342924266960809e-01
1.887500000000002132e+01,1.742125000000000341e+02,7.208830002360575584e-01,4.947495650816314573e-03,2.741695041131260724e-01
1.898000000000002530e+01,1.742125000000000341e+02,7.217760423246895041e-01,4.900165005513085377e-03,2.733237926697975606e-01
1.908500000000002217e+01,1.742125000000000341e+02,7.226472305092941362e-01,4.856798989466304742e-03,2.724959705012395816e-01
1.919000000000002615e+01,1.742125000000000341e+02,7.234980517814965095e-01,4.816972112775121800e-03,2.716849761057283374e-01
1.929500000000002302e+01,1.742125000000000341e+02,7.243298278464671558e-01,4.780308886660776524e-03,2.708898632668720885e-01
1.940000000000002700e+01,1.742125000000000341e+02,7.251437317436166818e-01,4.746477454096426074e-03,2.701097908022870309e-01
1.950500000000002387e+01,1.742125000000000341e+02,7.259408029747185243e-01,4.715184120884567849e-03,2.693440129043968567e-01
1.961000000000002785e+01,1.742125000000000341e+02,7.267219612658487593e-01,4.686168644615287468e-03,2.685918700895357780e-01
1.971500000000002473e+01,1.742125000000000341e+02,7.274880190788072243e-01,4.659200163909257321e-03,2.678527807572834707e-01
1.982000000000002871e+01,1.742125000000000341e+02,7.282396929780486916e-01,4.634073670584516573e-03,2.671262333513668152e-01
1.992500000000002558e+01,1.742125000000000341e+02,7.289776139504150487e-01,4.610606943840057925e-03,2.664117791057448725e-01
2.003000000000002956e+01,1.742125000000000341e+02,7.297023367669764893e-01,4.588637878974153456e-03,2.657090253540493885e-01
2.013500000000002643e+01,1.742125000000000341e+02,7.304143484689772370e-01,4.568022154147519109e-03,2.650176293768751190e-01
2.024000000000003041e+01,1.742125000000000341e+02,7.311140760531606997e-01,4.548631187730597589e-03,2.643372927591086108e-01
2.034500000000002728e+01,1.742125000000000341e+02,7.318018934255527963e-01,4.530350346218791312e-03,2.636677562282284670e-01
2.045000000000003126e+01,1.742125000000000341e+02,7.324781276870799829e-01,4.513077368856198944e-03,2.630087949440638173e-01
2.055500000000002814e+01,1.742125000000000341e+02,7.331430648091453728e-01,4.496720980219350190e-03,2.623602142106351010e-01
2.066000000000003212e+01,1.742125000000000341e+02,7.337969547524413327e-01,4.481199666268495183e-03,2.617218455812902467e-01
2.076500000000002899e+01,1.742125000000000341e+02,7.344400160778215003e-01,4.466440592931124678e-03,2.610935433292473906e-01
2.087000000000003297e+01,1.742125000000000341e+02,7.350724400939656622e-01,4.452378649265167562e-03,2.604751812567692171e-01
2.097500000000002984e+01,1.742125000000000341e+02,7.356943945827889575e-01,4.438955599758569702e-03,2.598666498174524442e-01
2.108000000000003382e+01,1.742125000000000341e+02,7.363060271401058454e-01,4.426119332441075596e-03,2.592678535274530738e-01
2.118500000000003070e+01,1.742125000000000341e+02,7.369074681658728254e-01,4.413823191278296032e-03,2.586787086428489202e-01
2.129000000000003467e+01,1.742125000000000341e+02,7.374988335354348834e-01,4.402025382843232325e-03,2.580991410817218834e-01
