bill_depth_mm,flipper_length_mm,Torgersen,Biscoe,Dream
1.309999999999999964e+01,1.720000000000000000e+02,5.631867365556106342e-02,8.200806482273451659e-01,1.236006781170937152e-01
1.351999999999999957e+01,1.720000000000000000e+02,8.075751879386522392e-02,7.316519648357343586e-01,1.875905163704005285e-01
1.393999999999999950e+01,1.720000000000000000e+02,1.088409459412345709e-01,6.240813359395430693e-01,2.670777181192223182e-01
1.435999999999999943e+01,1.720000000000000000e+02,1.357377578862632994e-01,5.142981243137476621e-01,3.499641177999889829e-01
1.477999999999999936e+01,1.720000000000000000e+02,1.576143363890298299e-01,4.185734992749729488e-01,4.238121643359971658e-01
1.519999999999999929e+01,1.720000000000000000e+02,1.734358941898624107e-01,3.440351718720358054e-01,4.825289339381017006e-01
1.561999999999999922e+01,1.720000000000000000e+02,1.841333900619124553e-01,2.897045839843908621e-01,5.261620259536967659e-01
1.603999999999999915e+01,1.720000000000000000e+02,1.911658078850825837e-01,2.512993727498088470e-01,5.575348193651086248e-01
1.646000000000000085e+01,1.720000000000000000e+02,1.957742742560357463e-01,2.244020747028301066e-01,5.798236510411342026e-01
1.687999999999999901e+01,1.720000000000000000e+02,1.988256030042255262e-01,2.055331859953472839e-01,5.956412110004272176e-01
1.729999999999999716e+01,1.720000000000000000e+02,2.008789077498518982e-01,1.922127335175528584e-01,6.069083587325952989e-01
1.771999999999999886e+01,1.720000000000000000e+02,2.022851433407653332e-01,1.827369692067714324e-01,6.149778874524632899e-01
1.814000000000000057e+01,1.720000000000000000e+02,2.032643828396608898e-01,1.759455689394928968e-01,6.207900482208462689e-01
1.855999999999999872e+01,1.720000000000000000e+02,2.039563431861046716e-01,1.710452419884788411e-01,6.249984148254164040e-01
1.897999999999999687e+01,1.720000000000000000e+02,2.044513931988657940e-01,1.674887636534774515e-01,6.280598431476567267e-01
1.939999999999999858e+01,1.720000000000000000e+02,2.048092066202012174e-01,1.648947343017355405e-01,6.302960590780631867e-01
1.982000000000000028e+01,1.720000000000000000e+02,2.050699972557907258e-01,1.629946616987068553e-01,6.319353410455024189e-01
2.023999999999999844e+01,1.720000000000000000e+02,2.052613729075054849e-01,1.615978355622816609e-01,6.331407915302128542e-01
2.065999999999999659e+01,1.720000000000000000e+02,2.054025965547950916e-01,1.605677401779574409e-01,6.340296632672475230e-01
2.107999999999999829e+01,1.720000000000000000e+02,2.055072941463609026e-01,1.598060068677273071e-01,6.346866989859119013e-01
1.309999999999999964e+01,1.749499999999999886e+02,4.515689990898826001e-02,8.587485303135085069e-01,9.609456977750337192e-02
1.351999999999999957e+01,1.749499999999999886e+02,6.609153916664947670e-02,7.851508882397325584e-01,1.487575725936179649e-01
1.393999999999999950e+01,1.749499999999999886e+02,9.259632147736232555e-02,6.868920870309527249e-01,2.205115914916850606e-01
1.435999999999999943e+01,1.749499999999999886e+02,1.207708129774183320e-01,5.760168768605409273e-01,3.032123101620406991e-01
1.477999999999999936e+01,1.749499999999999886e+02,1.458179054370513095e-01,4.707153908863677683e-01,3.834667036765808112e-01
1.519999999999999929e+01,1.749499999999999886e+02,1.650675840487925705e-01,3.837931813225634592e-01,4.511392346286439148e-01
1.561999999999999922e+01,1.749499999999999886e+02,1.785189997074934087e-01,3.183571259903366091e-01,5.031238743021699822e-01
1.603999999999999915e+01,1.749499999999999886e+02,1.874728946779667393e-01,2.714556144673080929e-01,5.410714908547251678e-01
1.646000000000000085e+01,1.749499999999999886e+02,1.933408341444102785e-01,2.385013821894052533e-01,5.681577836661844128e-01
1.687999999999999901e+01,1.749499999999999886e+02,1.972015450134178560e-01,2.154288740930935808e-01,5.873695808934885632e-01
1.729999999999999716e+01,1.749499999999999886e+02,1.997765296082102682e-01,1.992065207183784381e-01,6.010169496734113492e-01
1.771999999999999886e+01,1.749499999999999886e+02,2.015238003709540204e-01,1.877184889652094846e-01,6.107577106638364395e-01
1.814000000000000057e+01,1.749499999999999886e+02,2.027301744530493055e-01,1.795201663594882535e-01,6.177496591874624965e-01
1.855999999999999872e+01,1.749499999999999886e+02,2.035763561070728367e-01,1.736271954058490052e-01,6.227964484870780471e-01
1.897999999999999687e+01,1.749499999999999886e+02,2.041780154139736791e-01,1.693643295709988117e-01,6.264576550150274814e-01
1.939999999999999858e+01,1.749499999999999886e+02,2.046106906175926277e-01,1.662637808205682244e-01,6.291255285618391202e-01
1.982000000000000028e+01,1.749499999999999886e+02,2.049247495811266362e-01,1.639981191564076901e-01,6.310771312624657847e-01
2.023999999999999844e+01,1.749499999999999886e+02,2.051544442579997518e-01,1.623359475690484555e-01,6.325096081729518760e-01
2.065999999999999659e+01,1.749499999999999886e+02,2.053234793563226690e-01,1.611123479685597493e-01,6.335641726751176650e-01
2.107999999999999829e+01,1.749499999999999886e+02,2.054485088352606126e-01,1.602089269195438037e-01,6.343425642451956392e-01
1.309999999999999964e+01,1.778999999999999773e+02,3.615621272456611551e-02,8.891393991314628931e-01,7.470438814397097060e-02
1.351999999999999957e+01,1.778999999999999773e+02,5.331442795218667430e-02,8.303989781094069933e-01,1.162865939384063046e-01
1.393999999999999950e+01,1.778999999999999773e+02,7.692611227097316540e-02,7.454910994546117831e-01,1.775827882744150099e-01
1.435999999999999943e+01,1.778999999999999773e+02,1.047472734091581675e-01,6.396966184317082194e-01,2.555561081591337658e-01
1.477999999999999936e+01,1.778999999999999773e+02,1.320845321927440197e-01,5.290506722186298916e-01,3.388647955886261443e-01
1.519999999999999929e+01,1.778999999999999773e+02,1.547883348092203570e-01,4.306547937842596374e-01,4.145568714065199778e-01
1.561999999999999922e+01,1.778999999999999773e+02,1.714358690269906227e-01,3.530575430592490793e-01,4.755065879137602702e-01
1.603999999999999915e+01,1.778999999999999773e+02,1.827754848202343685e-01,2.961262043442750569e-01,5.210983108354906301e-01
1.646000000000000085e+01,1.778999999999999773e+02,1.902528821850004159e-01,2.557844300637386326e-01,5.539626877512610070e-01
1.687999999999999901e+01,1.778999999999999773e+02,1.951559897047905057e-01,2.275259371035011080e-01,5.773180731917083586e-01
1.729999999999999716e+01,1.778999999999999773e+02,1.984007208301632741e-01,2.077194900142579903e-01,5.938797891555787078e-01
1.771999999999999886e+01,1.778999999999999773e+02,2.005821890929749274e-01,1.937546369771743771e-01,6.056631739298506956e-01
1.814000000000000057e+01,1.778999999999999773e+02,2.020748182256491554e-01,1.838333111591938518e-01,6.140918706151570206e-01
1.855999999999999872e+01,1.778999999999999773e+02,2.031133959244903198e-01,1.767310742617539676e-01,6.201555298137557681e-01
1.897999999999999687e+01,1.778999999999999773e+02,2.038468295074378489e-01,1.716118566327649309e-01,6.245413138597971647e-01
1.939999999999999858e+01,1.778999999999999773e+02,2.043713041239856032e-01,1.678998824790318700e-01,6.277288133969826101e-01
1.982000000000000028e+01,1.778999999999999773e+02,2.047502521670929443e-01,1.651945343604330485e-01,6.300552134724740627e-01
2.023999999999999844e+01,1.778999999999999773e+02,2.050263732803347394e-01,1.632142348816311150e-01,6.317593918380342011e-01
2.065999999999999659e+01,1.778999999999999773e+02,2.052289564131549449e-01,1.617592574095041702e-01,6.330117861773408849e-01
2.107999999999999829e+01,1.778999999999999773e+02,2.053784242892553180e-01,1.606868039310589968e-01,6.339347717796857129e-01
1.309999999999999964e+01,1.808499999999999659e+02,2.910729266817540725e-02,9.123908905946691572e-01,5.850181673715536268e-02
1.351999999999999957e+01,1.808499999999999659e+02,4.270558765733480783e-02,8.669538470989950341e-01,9.034056524367020669e-02
1.393999999999999950e+01,1.808499999999999659e+02,6.269202415582998678e-02,7.970826312793777291e-01,1.402253445647923258e-01
1.435999999999999943e+01,1.808499999999999659e+02,8.856405531754731053e-02,7.018046014519470077e-01,2.096313432305056124e-01
1.477999999999999936e+01,1.808499999999999659e+02,1.167914594715072918e-01,5.915777419874107546e-01,2.916307985410820369e-01
1.519999999999999929e+01,1.808499999999999659e+02,1.424979917564549448e-01,4.844620906702761243e-01,3.730399175732687644e-01
1.561999999999999922e+01,1.808499999999999659e+02,1.626113695655790614e-01,3.945475018718466731e-01,4.428411285625744043e-01
1.603999999999999915e+01,1.808499999999999659e+02,1.768192859473196599e-01,3.261888341723896412e-01,4.969918798802907545e-01
1.646000000000000085e+01,1.808499999999999659e+02,1.863266726046668431e-01,2.769700177416684617e-01,5.367033096536646397e-01
1.687999999999999901e+01,1.808499999999999659e+02,1.925685388845060075e-01,2.423431464633364063e-01,5.650883146521575862e-01
1.729999999999999716e+01,1.808499999999999659e+02,1.966752209992374267e-01,2.181088008037060377e-01,5.852159781970565078e-01
1.771999999999999886e+01,1.808499999999999659e+02,1.994121549499792700e-01,2.010880796473572540e-01,5.994997654026634759e-01
1.814000000000000057e+01,1.808499999999999659e+02,2.012675347657997826e-01,1.890502126867021626e-01,6.096822525474979715e-01
1.855999999999999872e+01,1.808499999999999659e+02,2.025474108236176296e-01,1.804703014505758818e-01,6.169822877258064331e-01
1.897999999999999687e+01,1.808499999999999659e+02,2.034444936289955819e-01,1.743100282559430780e-01,6.222454781150613679e-01
1.939999999999999858e+01,1.808499999999999659e+02,2.040819865829263946e-01,1.698581912229780722e-01,6.260598221940956165e-01
1.982000000000000028e+01,1.808499999999999659e+02,2.045402379462246401e-01,1.666229312611446911e-01,6.288368307926306411e-01
2.023999999999999844e+01,1.808499999999999659e+02,2.048727564445430027e-01,1.642605377573238545e-01,6.308667057981330872e-01
2.065999999999999659e+01,1.808499999999999659e+02,2.051158929071381642e-01,1.625284704364144128e-01,6.323556366564474507e-01
2.107999999999999829e+01,1.808499999999999659e+02,2.052947849221855026e-01,1.612540946558318478e-01,6.334511204219827052e-01
1.309999999999999964e+01,1.837999999999999545e+02,2.368974569259172866e-02,9.298896343319154045e-01,4.642061997549303681e-02
1.351999999999999957e+01,1.837999999999999545e+02,3.422158792439009695e-02,8.954628616003345032e-01,7.031555047527546232e-02
1.393999999999999950e+01,1.837999999999999545e+02,5.044991153220637625e-02,8.401843613815256351e-01,1.093657270862679609e-01
1.435999999999999943e+01,1.837999999999999545e+02,7.318932900616986759e-02,7.589059077604090042e-01,1.679047632334209894e-01
1.477999999999999936e+01,1.837999999999999545e+02,1.006468863679155085e-01,6.552325629120631101e-01,2.441205507200215064e-01
1.519999999999999929e+01,1.837999999999999545e+02,1.283352262576520353e-01,5.440834550400611702e-01,3.275813187022868500e-01
1.561999999999999922e+01,1.837999999999999545e+02,1.518369819146020427e-01,4.431805447991925551e-01,4.049824732862054022e-01
1.603999999999999915e+01,1.837999999999999545e+02,1.693263045339663542e-01,3.625070603197961816e-01,4.681666351462373532e-01
1.646000000000000085e+01,1.837999999999999545e+02,1.813370940478293281e-01,3.028838906281283161e-01,5.157790153240423559e-01
1.687999999999999901e+01,1.837999999999999545e+02,1.892849816161477905e-01,2.605114210691720222e-01,5.502035973146801595e-01
1.729999999999999716e+01,1.837999999999999545e+02,1.945009528438877699e-01,2.308179112586445925e-01,5.746811358974676098e-01
1.771999999999999886e+01,1.837999999999999545e+02,1.979511701284086544e-01,2.100215387932063693e-01,5.920272910783850318e-01
1.814000000000000057e+01,1.837999999999999545e+02,2.002686656194521686e-01,1.953764646611541311e-01,6.043548697193937835e-01
1.855999999999999872e+01,1.837999999999999545e+02,2.018528412108121506e-01,1.849852781373611255e-01,6.131618806518267517e-01
1.897999999999999687e+01,1.837999999999999545e+02,2.029541943592526876e-01,1.775556522620451994e-01,6.194901533787020576e-01
1.939999999999999858e+01,1.837999999999999545e+02,2.037314421537579634e-01,1.722061647917013105e-01,6.240623930545408093e-01
1.982000000000000028e+01,1.837999999999999545e+02,2.042869674988807838e-01,1.683307891768783815e-01,6.273822433242408625e-01
2.023999999999999844e+01,1.837999999999999545e+02,2.046881990555259878e-01,1.655085734909403083e-01,6.298032274535337871e-01
2.065999999999999659e+01,1.837999999999999545e+02,2.049804736345576528e-01,1.634441165345100477e-01,6.315754098309322995e-01
2.107999999999999829e+01,1.837999999999999545e+02,2.051948602210856842e-01,1.619281809833965358e-01,6.328769587955178633e-01
1.309999999999999964e+01,1.867499999999999432e+02,1.956722393184250758e-02,9.429587060162468726e-01,3.747407005191063373e-02
1.351999999999999957e+01,1.867499999999999432e+02,2.761437643288284366e-02,9.171655345510409951e-01,5.522008901607614040e-02
1.393999999999999950e+01,1.867499999999999432e+02,4.039029407441017960e-02,8.746656573717965788e-01,8.494404855379311670e-02
1.435999999999999943e+01,1.867499999999999432e+02,5.942185137336058326e-02,8.084948180968410947e-01,1.320833305297983429e-01
1.477999999999999936e+01,1.867499999999999432e+02,8.458681877112529668e-02,7.164196782852552126e-01,1.989935029436195602e-01
1.519999999999999929e+01,1.867499999999999432e+02,1.127613210860489434e-01,6.072283731148407915e-01,2.800103057991104039e-01
1.561999999999999922e+01,1.867499999999999432e+02,1.390619426096168509e-01,4.985872561520527935e-01,3.623508012383304111e-01
1.603999999999999915e+01,1.867499999999999432e+02,1.600331541741931707e-01,4.057549842803979123e-01,4.342118615454088615e-01
1.646000000000000085e+01,1.867499999999999432e+02,1.750222574239201356e-01,3.344124316418073950e-01,4.905653109342723028e-01
1.687999999999999901e+01,1.867499999999999432e+02,1.851117299920385928e-01,2.827785518240942264e-01,5.321097181838672086e-01
1.729999999999999716e+01,1.867499999999999432e+02,1.917499254871763426e-01,2.463925502947745261e-01,5.618575242180491314e-01
1.771999999999999886e+01,1.867499999999999432e+02,1.961179306181281001e-01,2.209321490910504948e-01,5.829499202908213773e-01
1.814000000000000057e+01,1.867499999999999432e+02,1.990268694660474180e-01,2.030684288223420786e-01,5.979047017116105867e-01
1.855999999999999872e+01,1.867499999999999432e+02,2.009969103355586928e-01,1.904503705227596766e-01,6.085527191416816306e-01
1.897999999999999687e+01,1.867499999999999432e+02,2.023546130999366033e-01,1.814682584273408228e-01,6.161771284727225462e-01
1.939999999999999858e+01,1.867499999999999432e+02,2.033055087162112529e-01,1.750265895330064825e-01,6.216679017507823479e-01
1.982000000000000028e+01,1.867499999999999432e+02,2.039808365277593349e-01,1.703760476372646049e-01,6.256431158349761157e-01
2.023999999999999844e+01,1.867499999999999432e+02,2.044660653691405539e-01,1.669992827953729608e-01,6.285346518354864020e-01
2.065999999999999659e+01,1.867499999999999432e+02,2.048180400441669269e-01,1.645353690001269964e-01,6.306465909557060767e-01
2.107999999999999829e+01,1.867499999999999432e+02,2.050753359932015463e-01,1.627300013932277134e-01,6.321946626135707126e-01
1.309999999999999964e+01,1.896999999999999318e+02,1.643968567732326247e-02,9.527114946346276758e-01,3.084881968804889171e-02
1.351999999999999957e+01,1.896999999999999318e+02,2.255253598443170138e-02,9.334557914316992111e-01,4.399167258386920548e-02
1.393999999999999950e+01,1.896999999999999318e+02,3.240647677468205812e-02,9.013693008941020546e-01,6.622422233121591506e-02
1.435999999999999943e+01,1.896999999999999318e+02,4.772587474760642268e-02,8.494407468481801615e-01,1.028333784042134297e-01
1.477999999999999936e+01,1.896999999999999318e+02,6.955811760556798728e-02,7.718633043967151330e-01,1.585785779977170185e-01
1.519999999999999929e+01,1.896999999999999318e+02,9.655555642849820985e-02,6.706314900221391762e-01,2.328129535493627111e-01
1.561999999999999922e+01,1.896999999999999318e+02,1.244994155682349751e-01,5.593545796391574676e-01,3.161460047926076267e-01
1.603999999999999915e+01,1.896999999999999318e+02,1.487610070114059879e-01,4.561410299844702587e-01,3.950979630041236978e-01
1.646000000000000085e+01,1.896999999999999318e+02,1.671035570741274678e-01,3.723935237633702044e-01,4.605029191625023000e-01
1.687999999999999901e+01,1.896999999999999318e+02,1.798140735500758369e-01,3.099922783163351347e-01,5.101936481335890283e-01
1.729999999999999716e+01,1.896999999999999318e+02,1.882588654914347792e-01,2.654931059627964607e-01,5.462480285457687046e-01
1.771999999999999886e+01,1.896999999999999318e+02,1.938069276153412679e-01,2.342874446287931955e-01,5.719056277558655088e-01
1.814000000000000057e+01,1.896999999999999318e+02,1.974754673415987372e-01,2.124459143610719636e-01,5.900786182973292160e-01
1.855999999999999872e+01,1.896999999999999318e+02,1.999373543473464687e-01,1.970827160457384597e-01,6.029799296069150438e-01
1.897999999999999687e+01,1.896999999999999318e+02,2.016185511004226216e-01,1.861959445503803823e-01,6.121855043491969406e-01
1.939999999999999858e+01,1.896999999999999318e+02,2.027863241792143834e-01,1.784214191396016058e-01,6.187922566811839831e-01
1.982000000000000028e+01,1.896999999999999318e+02,2.036098629946165028e-01,1.728296377922517446e-01,6.235604992131317248e-01
2.023999999999999844e+01,1.896999999999999318e+02,2.041981563064025618e-01,1.687825172981002042e-01,6.270193263954971785e-01
2.065999999999999659e+01,1.896999999999999318e+02,2.046228828000755950e-01,1.658375846732508263e-01,6.295395325266736064e-01
2.107999999999999829e+01,1.896999999999999318e+02,2.049321776194246159e-01,1.636848308810897878e-01,6.313829914994856241e-01
1.309999999999999964e+01,1.926499999999999204e+02,1.406238598153258107e-02,9.600189597660644392e-01,2.591865425240300752e-02
1.351999999999999957e+01,1.926499999999999204e+02,1.870560637916672195e-02,9.456134899178596509e-01,3.568090370297340164e-02
1.393999999999999950e+01,1.926499999999999204e+02,2.621948085697348163e-02,9.216090526340381395e-01,5.217146650898837890e-02
1.435999999999999943e+01,1.926499999999999204e+02,3.820773221002368714e-02,8.819003863660632714e-01,7.989188142391308312e-02
1.477999999999999936e+01,1.926499999999999204e+02,5.628598496278892915e-02,8.193769523130512988e-01,1.243370627241597304e-01
1.519999999999999929e+01,1.926499999999999204e+02,8.067896428660167873e-02,7.306894540247738101e-01,1.886315816886246222e-01
1.561999999999999922e+01,1.926499999999999204e+02,1.086945861601434360e-01,6.229132720233719889e-01,2.683921418164845196e-01
1.603999999999999915e+01,1.926499999999999204e+02,1.355152483180525891e-01,5.130630434543216323e-01,3.514217082276258619e-01
1.646000000000000085e+01,1.926499999999999204e+02,1.573311688817734255e-01,4.174164257637538178e-01,4.252524053544728400e-01
1.687999999999999901e+01,1.926499999999999204e+02,1.731237466157637961e-01,3.430411241751384344e-01,4.838351292090978806e-01
1.729999999999999716e+01,1.926499999999999204e+02,1.838242465407633752e-01,2.888954676691876666e-01,5.272802857900489304e-01
1.771999999999999886e+01,1.926499999999999204e+02,1.908822065723225769e-01,2.506609510109232830e-01,5.584568424167541956e-01
1.814000000000000057e+01,1.926499999999999204e+02,1.955277949866052190e-01,2.239070511443104761e-01,5.805651538690842495e-01
1.855999999999999872e+01,1.926499999999999204e+02,1.986194309148457127e-01,2.051531703584030808e-01,5.962273987267512343e-01
1.897999999999999687e+01,1.926499999999999204e+02,2.007110996260790259e-01,1.919227863439584014e-01,6.073661140299626560e-01
1.939999999999999858e+01,1.926499999999999204e+02,2.021512199877786298e-01,1.825166572050751224e-01,6.153321228071463311e-01
1.982000000000000028e+01,1.926499999999999204e+02,2.031590126408291952e-01,1.757786903261644718e-01,6.210622970330063053e-01
2.023999999999999844e+01,1.926499999999999204e+02,2.038742907705235197e-01,1.709191637476292491e-01,6.252065454818471757e-01
2.065999999999999659e+01,1.926499999999999204e+02,2.043879758459999918e-01,1.673937277763199449e-01,6.282182963776801188e-01
2.107999999999999829e+01,1.926499999999999204e+02,2.047604569869264091e-01,1.648232481038236497e-01,6.304162949092498858e-01
1.309999999999999964e+01,1.955999999999999091e+02,1.224585921459003975e-02,9.655336861212988619e-01,2.222045466411111045e-02
1.351999999999999957e+01,1.955999999999999091e+02,1.578670564113207608e-02,9.546922809643291208e-01,2.952101339453871293e-02
1.393999999999999950e+01,1.955999999999999091e+02,2.149217111054107024e-02,9.367694584381545120e-01,4.173837045130442819e-02
1.435999999999999943e+01,1.955999999999999091e+02,3.070566687588947852e-02,9.068798641349545830e-01,6.241446898915593150e-02
1.477999999999999936e+01,1.955999999999999091e+02,4.514184606062338762e-02,8.581760471105794874e-01,9.668210682879710416e-02
1.519999999999999929e+01,1.955999999999999091e+02,6.604199005988677096e-02,7.843358502935401377e-01,1.496221596465731052e-01
1.561999999999999922e+01,1.955999999999999091e+02,9.248908890921013481e-02,6.858367701585157405e-01,2.216741409322741940e-01
1.603999999999999915e+01,1.955999999999999091e+02,1.205880043176111860e-01,5.748178483450867571e-01,3.045941473373019459e-01
1.646000000000000085e+01,1.955999999999999091e+02,1.455622082676911733e-01,4.695222816007943445e-01,3.849155101315144267e-01
1.687999999999999901e+01,1.955999999999999091e+02,1.647643204505471748e-01,3.827249859985039082e-01,4.525106935509488060e-01
1.729999999999999716e+01,1.955999999999999091e+02,1.782022235573897107e-01,3.174659020201931470e-01,5.043318744224172256e-01
1.771999999999999886e+01,1.955999999999999091e+02,1.871711441145130217e-01,2.707426887319220321e-01,5.420861671535649462e-01
1.814000000000000057e+01,1.955999999999999091e+02,1.930715484058772025e-01,2.379444627621398745e-01,5.689839888319829786e-01
1.855999999999999872e+01,1.955999999999999091e+02,1.969720383079406334e-01,2.149995714278033765e-01,5.880283902642560179e-01
1.897999999999999687e+01,1.955999999999999091e+02,1.995872132155567524e-01,1.988781528919938146e-01,6.015346338924494329e-01
1.939999999999999858e+01,1.955999999999999091e+02,2.013712487929396333e-01,1.874685631831016497e-01,6.111601880239587725e-01
1.982000000000000028e+01,1.955999999999999091e+02,2.026093069574891048e-01,1.793306116050295274e-01,6.180600814374813678e-01
2.023999999999999844e+01,1.955999999999999091e+02,2.034817579171009083e-01,1.734838287937528201e-01,6.230344132891462161e-01
2.065999999999999659e+01,1.955999999999999091e+02,2.041046329807854054e-01,1.692561564839148436e-01,6.266392105352996955e-01
2.107999999999999829e+01,1.955999999999999091e+02,2.045541319367649713e-01,1.661823397205008934e-01,6.292635283427341353e-01
1.309999999999999964e+01,1.985499999999998977e+02,1.084778010495364778e-02,9.697329912801183616e-01,1.941922861492798025e-02
1.351999999999999957e+01,1.985499999999998977e+02,1.356548841017031666e-02,9.615057308638740308e-01,2.492878072595554675e-02
1.393999999999999950e+01,1.985499999999998977e+02,1.790258194930740426e-02,9.480803446471988138e-01,3.401707340349382352e-02
1.435999999999999943e+01,1.985499999999998977e+02,2.491708030770327723e-02,9.257420300306979932e-01,4.934088966159875383e-02
1.477999999999999936e+01,1.985499999999998977e+02,3.615393585763921475e-02,8.886763478896041457e-01,7.516971625275652158e-02
1.519999999999999929e+01,1.985499999999998977e+02,5.328788465076663566e-02,8.297238208203798759e-01,1.169882945288534815e-01
1.561999999999999922e+01,1.985499999999998977e+02,7.685387705538784808e-02,7.445704650910316413e-01,1.785756578535804828e-01
1.603999999999999915e+01,1.985499999999998977e+02,1.046062058814242329e-01,6.385752072660240142e-01,2.568185868525517113e-01
1.646000000000000085e+01,1.985499999999998977e+02,1.318647693398612986e-01,5.278567022840392475e-01,3.402785283760993984e-01
1.687999999999999901e+01,1.985499999999998977e+02,1.545043834073498989e-01,4.295294236005618438e-01,4.159661929920883128e-01
1.729999999999999716e+01,1.985499999999998977e+02,1.711197058470967647e-01,3.520872378847717532e-01,4.767930562681315099e-01
1.771999999999999886e+01,1.985499999999998977e+02,1.824602822019252835e-01,2.953352474796632765e-01,5.222044703184114400e-01
1.814000000000000057e+01,1.985499999999998977e+02,1.899624477292786162e-01,2.551601981259153940e-01,5.548773541448059898e-01
1.855999999999999872e+01,1.985499999999998977e+02,1.949028221905114155e-01,2.270420778915412385e-01,5.780550999179474569e-01
1.897999999999999687e+01,1.985499999999998977e+02,1.981885209766427458e-01,2.073482295933209152e-01,5.944632494300362557e-01
1.939999999999999858e+01,1.985499999999998977e+02,2.004092259935805753e-01,1.934715071513569695e-01,6.061192668550624552e-01
1.982000000000000028e+01,1.985499999999998977e+02,2.019366384806260961e-01,1.836182687649642875e-01,6.144450927544096164e-01
2.023999999999999844e+01,1.985499999999998977e+02,2.030045959875449169e-01,1.765682439792889691e-01,6.204271600331661141e-01
2.065999999999999659e+01,1.985499999999998977e+02,2.037620611366115220e-01,1.714888742375257069e-01,6.247490646258628821e-01
2.107999999999999829e+01,1.985499999999998977e+02,2.043057631662474061e-01,1.678072066210846702e-01,6.278870302126678959e-01
1.309999999999999964e+01,2.014999999999998863e+02,9.762909526048454967e-03,9.729620014310764731e-01,1.727508904287490196e-02
1.351999999999999957e+01,2.014999999999998863e+02,1.186527072611246250e-02,9.666588701949125895e-01,2.147585907897490987e-02
1.393999999999999950e+01,2.014999999999998863e+02,1.517773012051543136e-02,9.565348854826887237e-01,2.828738439679579636e-02
1.435999999999999943e+01,2.014999999999998863e+02,2.050370183544738059e-02,9.398481241319276425e-01,3.964817403262479306e-02
1.477999999999999936e+01,2.014999999999998863e+02,2.911374014174206160e-02,9.120159772381244423e-01,5.887028262013365570e-02
1.519999999999999929e+01,2.014999999999998863e+02,4.269626192020028327e-02,8.664016159092488012e-01,9.090212217055100574e-02
1.561999999999999922e+01,2.014999999999998863e+02,6.264894325923095475e-02,7.963018784765428792e-01,1.410491782642261660e-01
1.603999999999999915e+01,2.014999999999998863e+02,8.846305320299592545e-02,7.007937800661053762e-01,2.107431667308987122e-01
1.646000000000000085e+01,2.014999999999998863e+02,1.166131379463545004e-01,5.904232200818787524e-01,2.929636419717668305e-01
1.687999999999999901e+01,2.014999999999998863e+02,1.422435522878438552e-01,4.833058026539093222e-01,3.744506450582468227e-01
1.729999999999999716e+01,2.014999999999998863e+02,1.623057165726663476e-01,3.935074053811932759e-01,4.441868780461403210e-01
1.771999999999999886e+01,2.014999999999998863e+02,1.764973219778791791e-01,3.253190373699527127e-01,4.981836406521679694e-01
1.814000000000000057e+01,2.014999999999998863e+02,1.860182816805407147e-01,2.762737824240910633e-01,5.377079358953682497e-01
1.855999999999999872e+01,2.014999999999998863e+02,1.922923144939433782e-01,2.417993785664908635e-01,5.659083069395658416e-01
1.897999999999999687e+01,2.014999999999998863e+02,1.964392123951592684e-01,2.176898548772828457e-01,5.858709327275579692e-01
1.939999999999999858e+01,2.014999999999998863e+02,1.992171366672091659e-01,2.007678142500611829e-01,6.000150490827296235e-01
1.982000000000000028e+01,2.014999999999998863e+02,2.011101941998768294e-01,1.888065760650085856e-01,6.100832297351146405e-01
2.023999999999999844e+01,2.014999999999998863e+02,2.024226376388509607e-01,1.802855943491867563e-01,6.172917680119621719e-01
2.065999999999999659e+01,2.014999999999998863e+02,2.033467752344000345e-01,1.741703778698177607e-01,6.224828468957821492e-01
2.107999999999999829e+01,2.014999999999998863e+02,2.040061481701088142e-01,1.697528559558419414e-01,6.262409958740492444e-01
1.309999999999999964e+01,2.044499999999998749e+02,8.913920250313680030e-03,9.754695016258391194e-01,1.561657812384711908e-02
1.351999999999999957e+01,2.044499999999998749e+02,1.055399623168721060e-02,9.705925303177437291e-01,1.885347345056888682e-02
1.393999999999999950e+01,2.044499999999998749e+02,1.310143628211605897e-02,9.628912658733567165e-01,2.400729784452739976e-02
1.435999999999999943e+01,2.044499999999998749e+02,1.715410452913213729e-02,9.503730243450740911e-01,3.247287112579395896e-02
1.477999999999999936e+01,2.044499999999998749e+02,2.370173495643778869e-02,9.295844491936009479e-01,4.671381584996125991e-02
1.519999999999999929e+01,2.044499999999998749e+02,3.422439339961864946e-02,8.950132733567428556e-01,7.076233324363848110e-02
1.561999999999999922e+01,2.044499999999998749e+02,5.042957697078875867e-02,8.395351228243634889e-01,1.100353002048478218e-01
1.603999999999999915e+01,2.044499999999998749e+02,7.312377770989625381e-02,7.580242308880569269e-01,1.688519914020468748e-01
1.646000000000000085e+01,2.044499999999998749e+02,1.005116669549195457e-01,6.541561140889414760e-01,2.453322189561389643e-01
1.687999999999999901e+01,2.044499999999998749e+02,1.281187542597413687e-01,5.429306471497381548e-01,3.289505985905206153e-01
1.729999999999999716e+01,2.044499999999998749e+02,1.515526186272501963e-01,4.420879953154786546e-01,4.063593860572712324e-01
1.771999999999999886e+01,2.044499999999998749e+02,1.690062719606432728e-01,3.615619509778148499e-01,4.694317770615419327e-01
1.814000000000000057e+01,2.044499999999998749e+02,1.810157938570821357e-01,3.021125114403572787e-01,5.168716947025605579e-01
1.855999999999999872e+01,2.044499999999998749e+02,1.889875652204107970e-01,2.599026242646618745e-01,5.511098105149272453e-01
1.897999999999999687e+01,2.044499999999998749e+02,1.942409012541463920e-01,2.303462541217372039e-01,5.754128446241164596e-01
1.939999999999999858e+01,2.044499999999998749e+02,1.977327400844385297e-01,2.096598719981640768e-01,5.926073879173973102e-01
1.982000000000000028e+01,2.044499999999998749e+02,2.000903599285378254e-01,1.951008162419288205e-01,6.048088238295333818e-01
2.023999999999999844e+01,2.044499999999998749e+02,2.017102413393086213e-01,1.847760243935842039e-01,6.135137342671070915e-01
2.065999999999999659e+01,2.044499999999998749e+02,2.028418268871563235e-01,1.773972723783764360e-01,6.197609007344672127e-01
2.107999999999999829e+01,2.044499999999998749e+02,2.036438444555812022e-01,1.720865878140188654e-01,6.242695677303999879e-01
1.309999999999999964e+01,2.073999999999998636e+02,8.243993467195483496e-03,9.774352975861759774e-01,1.432070894662865364e-02
1.351999999999999957e+01,2.073999999999998636e+02,9.534242510175624033e-03,9.736250053832743445e-01,1.684075210655013380e-02
1.393999999999999950e+01,2.073999999999998636e+02,1.150920009546133223e-02,9.677097167997554816e-01,2.078108310478321216e-02
1.435999999999999943e+01,2.073999999999998636e+02,1.460962161279085250e-02,9.582496497983504780e-01,2.714072858885866954e-02
1.477999999999999936e+01,2.073999999999998636e+02,1.958239181795078457e-02,9.427083658437358515e-01,3.770924233831338818e-02
1.519999999999999929e+01,2.073999999999998636e+02,2.762516484555415860e-02,9.167990535947067032e-01,5.557578155973910000e-02
1.561999999999999922e+01,2.073999999999998636e+02,4.038660495269007222e-02,8.741317145777883768e-01,8.548168046952146770e-02
1.603999999999999915e+01,2.073999999999998636e+02,5.938542323807755041e-02,8.077454696153791858e-01,1.328691071465432638e-01
1.646000000000000085e+01,2.073999999999998636e+02,8.449251781664302019e-02,7.154508109032960972e-01,2.000566712800608826e-01
1.687999999999999901e+01,2.073999999999998636e+02,1.125880768109232821e-01,6.061174050822520920e-01,2.812945181068246536e-01
1.729999999999999716e+01,2.073999999999998636e+02,1.388092607022480829e-01,4.974683475195905702e-01,3.637223917781612914e-01
1.771999999999999886e+01,2.073999999999998636e+02,1.597253941455718251e-01,4.047442791118632255e-01,4.355303267425650326e-01
1.814000000000000057e+01,2.073999999999998636e+02,1.746951649132612583e-01,3.335655165603303440e-01,4.917393185264084532e-01
1.855999999999999872e+01,2.073999999999998636e+02,1.847966020651216623e-01,2.821003622526446764e-01,5.331030356822337168e-01
1.897999999999999687e+01,2.073999999999998636e+02,1.914665852134286306e-01,2.458630981235734592e-01,5.626703166629978270e-01
1.939999999999999858e+01,2.073999999999998636e+02,1.958752167147160550e-01,2.205245169651090520e-01,5.836002663201749208e-01
1.982000000000000028e+01,2.073999999999998636e+02,1.988259512306581600e-01,2.027570319330512794e-01,5.984170168362905606e-01
2.023999999999999844e+01,2.073999999999998636e+02,2.008346032120842117e-01,1.902136258254152612e-01,6.089517709625005271e-01
2.065999999999999659e+01,2.073999999999998636e+02,2.022257824788259439e-01,1.812888678562971645e-01,6.164853496648768916e-01
2.107999999999999829e+01,2.073999999999998636e+02,2.032045442408733915e-01,1.748910172990767731e-01,6.219044384600497244e-01
1.309999999999999964e+01,2.103499999999998522e+02,7.711205107267433273e-03,9.789901633857784891e-01,1.329863150695402910e-02
1.351999999999999957e+01,2.103499999999998522e+02,8.734458566873524316e-03,9.759857905403738210e-01,1.527975089275268594e-02
1.393999999999999950e+01,2.103499999999998522e+02,1.027859087591051664e-02,9.713971477560009449e-01,1.832426136808852982e-02
1.435999999999999943e+01,2.103499999999998522e+02,1.266786887112988230e-02,9.641831490505401447e-01,2.314898207832992785e-02
1.477999999999999936e+01,2.103499999999998522e+02,1.645636484532420757e-02,9.525043850819825408e-01,3.103925007269311628e-02
1.519999999999999929e+01,2.103499999999998522e+02,2.256813659739030295e-02,9.331555653135504835e-01,4.427629808905915454e-02
1.561999999999999922e+01,2.103499999999998522e+02,3.241417358986947023e-02,9.009318803977989232e-01,6.665394601233151639e-02
1.603999999999999915e+01,2.103499999999998522e+02,4.771175269308413486e-02,8.488150233764915065e-01,1.034732239304242962e-01
1.646000000000000085e+01,2.103499999999998522e+02,6.949956212888477869e-02,7.710176877707166643e-01,1.594827501003985570e-01
1.687999999999999901e+01,2.103499999999998522e+02,9.642674145757604287e-02,6.695980487372584777e-01,2.339752098051654239e-01
1.729999999999999716e+01,2.103499999999998522e+02,1.242868252795476108e-01,5.582426546906349429e-01,3.174705200298173491e-01
1.771999999999999886e+01,2.103499999999998522e+02,1.484766585568989272e-01,4.550822161818315337e-01,3.964411252612696224e-01
1.814000000000000057e+01,2.103499999999998522e+02,1.667798400706265449e-01,3.714749965084865879e-01,4.617451634208867839e-01
1.855999999999999872e+01,2.103499999999998522e+02,1.794866571669144206e-01,3.092419042217657288e-01,5.112714386113198506e-01
1.897999999999999687e+01,2.103499999999998522e+02,1.879543253295399841e-01,2.649010285526211539e-01,5.471446461178388621e-01
1.939999999999999858e+01,2.103499999999998522e+02,1.935397963931878296e-01,2.338290719855291577e-01,5.726311316212829849e-01
1.982000000000000028e+01,2.103499999999998522e+02,1.972506022215710086e-01,2.120947203010421500e-01,5.906546774773868691e-01
2.023999999999999844e+01,2.103499999999998522e+02,1.997535153475948344e-01,1.968152469118222558e-01,6.034312377405828265e-01
2.065999999999999659e+01,2.103499999999998522e+02,2.014713645992795565e-01,1.859930253718664328e-01,6.125356100288540384e-01
2.107999999999999829e+01,2.103499999999998522e+02,2.026702493288243812e-01,1.782679125404254550e-01,6.190618381307501084e-01
1.309999999999999964e+01,2.132999999999998408e+02,7.284409472918603953e-03,9.802300353067250338e-01,1.248555522035635357e-02
1.351999999999999957e+01,2.132999999999998408e+02,8.102029854360367350e-03,9.778409676908852433e-01,1.405700245475452644e-02
1.393999999999999950e+01,2.132999999999998408e+02,9.319445430994909019e-03,9.742470872310945440e-01,1.643346733791048800e-02
1.435999999999999943e+01,2.132999999999998408e+02,1.117589860613380816e-02,9.686917224816344874e-01,2.013237891223169582e-02
1.477999999999999936e+01,2.132999999999998408e+02,1.407945431624281138e-02,9.598461624463474617e-01,2.607438323740961933e-02
1.519999999999999929e+01,2.132999999999998408e+02,1.872373124403463665e-02,9.453658291960076454e-01,3.591043955995780468e-02
1.561999999999999922e+01,2.132999999999998408e+02,2.623437529980748167e-02,9.212502492192525816e-01,5.251537548093984653e-02
1.603999999999999915e+01,2.132999999999998408e+02,3.820954510647005947e-02,8.813829852166193968e-01,8.040746967691066172e-02
1.646000000000000085e+01,2.132999999999998408e+02,5.625632996855065709e-02,8.186562903073593134e-01,1.250873797240899254e-01
1.687999999999999901e+01,2.132999999999998408e+02,8.059179988100892422e-02,7.297598942680761924e-01,1.896483058509148834e-01
1.729999999999999716e+01,2.132999999999998408e+02,1.085270320560374202e-01,6.218445832474344126e-01,2.696283846965282227e-01
1.771999999999999886e+01,2.132999999999998408e+02,1.352648785933726061e-01,5.119817848184424758e-01,3.527533365881849181e-01
1.814000000000000057e+01,2.132999999999998408e+02,1.570216340380379827e-01,4.164362626348410701e-01,4.265421033271208917e-01
1.855999999999999872e+01,2.132999999999998408e+02,1.727916150007859641e-01,3.422185159904582719e-01,4.849898690087557362e-01
1.897999999999999687e+01,2.132999999999998408e+02,1.835022979360316775e-01,2.882367046841023406e-01,5.282609973798659819e-01
1.939999999999999858e+01,2.132999999999998408e+02,1.905915759449621494e-01,2.501470222373067265e-01,5.592614018177310964e-01
1.982000000000000028e+01,2.132999999999998408e+02,1.952781703783103562e-01,2.235117340010426834e-01,5.812100956206469604e-01
2.023999999999999844e+01,2.132999999999998408e+02,1.984124110154280862e-01,2.048514464526308976e-01,5.967361425319410717e-01
2.065999999999999659e+01,2.132999999999998408e+02,2.005436446226527281e-01,1.916935675837741215e-01,6.077627877935730671e-01
2.107999999999999829e+01,2.132999999999998408e+02,2.020181769982030417e-01,1.823430766174659878e-01,6.156387463843309149e-01
1.309999999999999964e+01,2.162499999999998295e+02,6.940272845592784096e-03,9.812259958973847951e-01,1.183373125702237051e-02
1.351999999999999957e+01,2.162499999999998295e+02,7.598074249614096554e-03,9.793115717633934514e-01,1.309035398699257002e-02
1.393999999999999950e+01,2.162499999999998295e+02,8.565550459066546829e-03,9.764712908184777218e-01,1.496315872245580943e-02
1.435999999999999943e+01,2.162499999999998295e+02,1.002027652218868796e-02,9.721508145966856196e-01,1.782890888112574623e-02
1.477999999999999936e+01,2.162499999999998295e+02,1.226259630740426411e-02,9.653883824968866323e-01,2.234902119570920595e-02
1.519999999999999929e+01,2.162499999999998295e+02,1.580578724561624432e-02,9.544864129014787313e-01,2.970779985290499664e-02
1.561999999999999922e+01,2.162499999999998295e+02,2.151114473364416219e-02,9.364738144077332516e-01,4.201504085862258625e-02
1.603999999999999915e+01,2.162499999999998295e+02,3.071804111890853728e-02,9.064534863389943631e-01,6.282847254209705801e-02
1.646000000000000085e+01,2.162499999999998295e+02,4.513388424350769229e-02,8.575716546590165246e-01,9.729446109747560967e-02
1.687999999999999901e+01,2.162499999999998295e+02,6.599068236525203190e-02,7.835234655596259312e-01,1.504858520751220508e-01
1.729999999999999716e+01,2.162499999999998295e+02,9.236722227331609081e-02,6.848441638169170398e-01,2.227886139097670082e-01
1.771999999999999886e+01,2.162499999999998295e+02,1.203799276198246615e-01,5.737461955150023885e-01,3.058738768651729223e-01
1.814000000000000057e+01,2.162499999999998295e+02,1.452783580866023050e-01,4.684978887300877970e-01,3.862237531833099258e-01
1.855999999999999872e+01,2.162499999999998295e+02,1.644371463006837342e-01,3.818343377392478533e-01,4.537285159600685236e-01
1.897999999999999687e+01,2.162499999999998295e+02,1.778686942128032134e-01,3.167379590886873486e-01,5.053933466985094380e-01
1.939999999999999858e+01,2.162499999999998295e+02,1.868593456501385364e-01,2.701686510785595852e-01,5.429720032713017952e-01
1.982000000000000028e+01,2.162499999999998295e+02,1.927971415974443214e-01,2.375005023718265440e-01,5.697023560307291623e-01
2.023999999999999844e+01,2.162499999999998295e+02,1.967405296391449010e-01,2.146597717167677555e-01,5.885996986440873435e-01
2.065999999999999659e+01,2.162499999999998295e+02,1.993976457829835791e-01,1.986195967164887111e-01,6.019827575005276543e-01
