bill_length_mm,bill_depth_mm,Adelie,Gentoo,Chinstrap
3.210000000000000142e+01,1.309999999999999964e+01,4.761396334287490983e-01,7.795578809272613041e-02,4.459045784785248268e-01
3.244375000000000142e+01,1.309999999999999964e+01,3.810492424234039888e-01,9.088600779854499878e-02,5.280647497780510680e-01
3.278750000000000142e+01,1.309999999999999964e+01,2.966206308170550865e-01,1.035192690803084792e-01,5.998601001026364621e-01
3.313125000000000142e+01,1.309999999999999964e+01,2.268802239858064840e-01,1.160648722319830156e-01,6.570549037822105420e-01
3.347500000000000142e+01,1.309999999999999964e+01,1.723186237691923806e-01,1.291705733435544734e-01,6.985108028872532016e-01
3.381875000000000142e+01,1.309999999999999964e+01,1.311418842118859673e-01,1.437514663982949470e-01,7.251066493898190579e-01
3.416250000000000142e+01,1.309999999999999964e+01,1.006755326390178368e-01,1.608501539494661126e-01,7.384743134115160368e-01
3.450625000000000142e+01,1.309999999999999964e+01,7.828198807100204826e-02,1.815647067839276374e-01,7.401533051450703837e-01
3.485000000000000142e+01,1.309999999999999964e+01,6.176018183466581990e-02,2.070137027703288779e-01,7.312261153950053716e-01
3.519375000000000142e+01,1.309999999999999964e+01,4.942454586157606772e-02,2.382893818975457267e-01,7.122860722408781431e-01
3.553750000000000142e+01,1.309999999999999964e+01,4.004384431293323693e-02,2.763562006907883117e-01,6.835999549962784583e-01
3.588125000000000142e+01,1.309999999999999964e+01,3.274346028819779403e-02,3.218689508575862113e-01,6.453875888542159878e-01
3.622500000000000142e+01,1.309999999999999964e+01,2.691532952656530350e-02,3.749164605199083455e-01,5.981682099535263752e-01
3.656875000000000142e+01,1.309999999999999964e+01,2.214753579209182213e-02,4.347501997556572073e-01,5.431022644522509601e-01
3.691250000000000142e+01,1.309999999999999964e+01,1.817153097246053395e-02,4.996182095455947714e-01,4.822102594819446808e-01
3.725625000000000142e+01,1.309999999999999964e+01,1.482075237878823989e-02,5.668462367851117012e-01,4.183330108361000277e-01
3.760000000000000142e+01,1.309999999999999964e+01,1.199565044348543941e-02,6.332338232395726685e-01,3.547705263169418366e-01
3.794375000000000142e+01,1.309999999999999964e+01,9.633920493899416834e-03,6.956700755865533603e-01,2.946960039195472558e-01
3.828750000000000142e+01,1.309999999999999964e+01,7.687895898080943091e-03,7.517312945653259471e-01,2.405808095365932209e-01
3.863125000000000142e+01,1.309999999999999964e+01,6.111200871308641348e-03,8.000264145121782633e-01,1.938623846165130893e-01
3.897500000000000142e+01,1.309999999999999964e+01,4.854249148336067105e-03,8.402071903643072437e-01,1.549385604873566302e-01
3.931875000000000142e+01,1.309999999999999964e+01,3.865601193734193378e-03,8.727294765784140429e-01,1.234049222278518626e-01
3.966250000000000142e+01,1.309999999999999964e+01,3.095525222682323115e-03,8.985240127958510348e-01,9.838046198146679910e-02
4.000625000000000142e+01,1.309999999999999964e+01,2.499183924473529286e-03,9.187037390883974197e-01,7.879707698712891395e-02
4.035000000000000142e+01,1.309999999999999964e+01,2.038408427179113930e-03,9.343637592106095457e-01,6.359783236221144831e-02
4.069375000000000142e+01,1.309999999999999964e+01,1.682093050947441968e-03,9.464741585999387752e-01,5.184374834911386482e-02
4.103750000000000142e+01,1.309999999999999964e+01,1.405673705735810582e-03,9.558407258026920816e-01,4.275360049157207742e-02
4.138125000000000142e+01,1.309999999999999964e+01,1.190167297619157622e-03,9.631057673514749062e-01,3.570406535090586003e-02
4.172500000000000142e+01,1.309999999999999964e+01,1.021106756989774824e-03,9.687679235621101670e-01,3.021096968090000029e-02
4.206875000000000142e+01,1.309999999999999964e+01,8.875549950608402914e-04,9.732080069217430296e-01,2.590443808319616709e-02
4.241250000000000142e+01,1.309999999999999964e+01,7.812731591133580946e-04,9.767141390806680645e-01,2.250458776021837734e-02
4.275625000000000142e+01,1.309999999999999964e+01,6.960564867464904626e-04,9.795033786383104957e-01,1.980056487494288170e-02
4.310000000000000142e+01,1.309999999999999964e+01,6.272216833358712496e-04,9.817391450681101084e-01,1.763363324855404118e-02
4.344375000000000142e+01,1.309999999999999964e+01,5.712195322373865222e-04,9.835447231480146657e-01,1.588405731974775262e-02
4.378750000000000142e+01,1.309999999999999964e+01,5.253458603724797281e-04,9.850134870527273989e-01,1.446116708690000155e-02
4.413125000000000142e+01,1.309999999999999964e+01,4.875274059927554968e-04,9.862165335356133378e-01,1.329593905839389009e-02
4.447500000000000142e+01,1.309999999999999964e+01,4.561636631522877927e-04,9.872083369619172322e-01,1.233549937493062798e-02
4.481875000000000142e+01,1.309999999999999964e+01,4.300100941233422967e-04,9.880309245113003680e-01,1.153906539457622872e-02
4.516250000000000142e+01,1.309999999999999964e+01,4.080917295823747863e-04,9.887169575484072714e-01,1.087495072201039199e-02
4.550625000000000142e+01,1.309999999999999964e+01,3.896390357681056007e-04,9.892920097103420352e-01,1.031835125388987431e-02
4.585000000000000142e+01,1.309999999999999964e+01,3.740400988853124988e-04,9.897762566881975754e-01,9.849703212917306633e-03
4.619375000000000142e+01,1.309999999999999964e+01,3.608047890689188172e-04,9.901857351821985453e-01,9.453460028732553130e-03
4.653750000000000142e+01,1.309999999999999964e+01,3.495377472026245597e-04,9.905332857872644059e-01,9.117176465532870339e-03
4.688125000000000142e+01,1.309999999999999964e+01,3.399178964341828708e-04,9.908292632674383649e-01,8.830818836127336466e-03
4.722500000000000142e+01,1.309999999999999964e+01,3.316828019891942658e-04,9.910820749338308255e-01,8.586242264180095340e-03
4.756875000000000142e+01,1.309999999999999964e+01,3.246166526486435810e-04,9.912985913802693227e-01,8.376791967082129406e-03
4.791250000000000142e+01,1.309999999999999964e+01,3.185409628484005880e-04,9.914844619329445941e-01,8.196997104206949630e-03
4.825625000000000142e+01,1.309999999999999964e+01,3.133073305617489540e-04,9.916443585642511493e-01,8.042334105187202639e-03
4.860000000000000142e+01,1.309999999999999964e+01,3.087917580103517442e-04,9.917821657828674864e-01,7.909042459122044011e-03
4.894375000000000142e+01,1.309999999999999964e+01,3.048901678022556414e-04,9.919011294762900555e-01,7.793980355907803061e-03
4.928750000000000142e+01,1.309999999999999964e+01,3.015148391977942230e-04,9.920039743713362501e-01,7.694510789466140789e-03
4.963125000000000142e+01,1.309999999999999964e+01,2.985915570790764599e-04,9.920929973512435662e-01,7.608411091677363437e-03
4.997500000000000142e+01,1.309999999999999964e+01,2.960573164607371334e-04,9.921701420806150473e-01,7.533800602924296645e-03
5.031875000000000142e+01,1.309999999999999964e+01,2.938584627844681679e-04,9.922370590666720336e-01,7.469082470543382188e-03
5.066250000000000142e+01,1.309999999999999964e+01,2.919491762176186825e-04,9.922951543013652786e-01,7.412896522417172437e-03
5.100625000000000142e+01,1.309999999999999964e+01,2.902902292100843578e-04,9.923456288932736014e-01,7.364080877516224893e-03
5.135000000000000142e+01,1.309999999999999964e+01,2.888479624590316428e-04,9.923895115454232085e-01,7.321640492117768330e-03
5.169375000000000142e+01,1.309999999999999964e+01,2.875934365055822181e-04,9.924276853175297841e-01,7.284721245964705279e-03
5.203750000000000142e+01,1.309999999999999964e+01,2.865017254077757724e-04,9.924609097940589875e-01,7.252588480533193882e-03
5.238125000000000142e+01,1.309999999999999964e+01,2.855513260118445725e-04,9.924898395374061044e-01,7.224609136581914073e-03
5.272500000000000142e+01,1.309999999999999964e+01,2.847236618057354487e-04,9.925150395197276376e-01,7.200236818466592727e-03
5.306875000000000142e+01,1.309999999999999964e+01,2.840026645763002369e-04,9.925369980836429296e-01,7.178999251780956471e-03
5.341250000000000142e+01,1.309999999999999964e+01,2.833744203969826075e-04,9.925561378708718241e-01,7.160487708731306383e-03
5.375625000000000142e+01,1.309999999999999964e+01,2.828268690650860280e-04,9.925728250712066991e-01,7.144348059728150395e-03
5.410000000000000142e+01,1.309999999999999964e+01,2.823495481520046251e-04,9.925873772762693337e-01,7.130273175578814848e-03
5.444375000000000142e+01,1.309999999999999964e+01,2.819333744506708817e-04,9.926000701689500216e-01,7.117996456599326623e-03
5.478750000000000142e+01,1.309999999999999964e+01,2.815704568969431610e-04,9.926111432369861820e-01,7.107286306116979840e-03
5.513125000000000142e+01,1.309999999999999964e+01,2.812539360777849187e-04,9.926208046652985617e-01,7.097941398623711269e-03
5.547500000000000142e+01,1.309999999999999964e+01,2.809778462743741084e-04,9.926292355346175711e-01,7.089786619108083207e-03
5.581875000000000142e+01,1.309999999999999964e+01,2.807369966653200616e-04,9.926365934320818818e-01,7.082669571252842543e-03
5.616250000000000142e+01,1.309999999999999964e+01,2.805268688667826842e-04,9.926430155618120033e-01,7.076457569321267620e-03
5.650625000000000142e+01,1.309999999999999964e+01,2.803435284381784244e-04,9.926486214290539678e-01,7.071035042507951840e-03
5.685000000000000142e+01,1.309999999999999964e+01,2.801835483541229976e-04,9.926535151596972417e-01,7.066301291948681035e-03
5.719375000000000142e+01,1.309999999999999964e+01,2.800439427509487066e-04,9.926577875072709611e-01,7.062168549978192940e-03
5.753750000000000142e+01,1.309999999999999964e+01,2.799221095119047470e-04,9.926615175914982325e-01,7.058560298989868635e-03
5.788125000000000142e+01,1.309999999999999964e+01,2.798157804685582066e-04,9.926647744058310074e-01,7.055409813700562992e-03
5.822500000000000142e+01,1.309999999999999964e+01,2.797229781748962149e-04,9.926676181258200504e-01,7.052658896005094616e-03
5.856875000000000142e+01,1.309999999999999964e+01,2.796419783611328461e-04,9.926701012455270146e-01,7.050256776111823651e-03
5.891250000000000142e+01,1.309999999999999964e+01,2.795712773014262845e-04,9.926722695652551165e-01,7.048159157443602447e-03
5.925625000000000142e+01,1.309999999999999964e+01,2.795095634373999773e-04,9.926741630505739877e-01,7.046327385988391222e-03
3.210000000000000142e+01,1.320500000000000007e+01,5.458357123181543091e-01,6.761830874981586414e-02,3.865459789320299100e-01
3.244375000000000142e+01,1.320500000000000007e+01,4.475565931109068973e-01,8.022677873174967333e-02,4.722166281573433877e-01
3.278750000000000142e+01,1.320500000000000007e+01,3.549431860356280222e-01,9.264432031464654715e-02,5.524124936497254446e-01
3.313125000000000142e+01,1.320500000000000007e+01,2.745812910338714108e-01,1.047170692053335378e-01,6.207016397607950653e-01
3.347500000000000142e+01,1.320500000000000007e+01,2.093869464743642328e-01,1.167924626512032438e-01,6.738205908744325789e-01
3.381875000000000142e+01,1.320500000000000007e+01,1.590218749853004321e-01,1.295993546604710944e-01,7.113787703542284735e-01
3.416250000000000142e+01,1.320500000000000007e+01,1.213021432151989154e-01,1.440784438366787268e-01,7.346194129481224966e-01
3.450625000000000142e+01,1.320500000000000007e+01,9.349320709399747131e-02,1.612667266610261219e-01,7.452400662449764068e-01
3.485000000000000142e+01,1.320500000000000007e+01,7.306153722046442034e-02,1.822467722407783708e-01,7.446916905387572783e-01
3.519375000000000142e+01,1.320500000000000007e+01,5.795747249482179758e-02,2.081214324480453737e-01,7.339210950571328773e-01
3.553750000000000142e+01,1.320500000000000007e+01,4.663724264345563142e-02,2.399664782842719501e-01,7.133962790722724323e-01
3.588125000000000142e+01,1.320500000000000007e+01,3.798305947418226247e-02,2.787221335880935014e-01,6.832948069377242639e-01
3.622500000000000142e+01,1.320500000000000007e+01,3.120458760910124058e-02,3.250014033516578915e-01,6.437940090392407777e-01
3.656875000000000142e+01,1.320500000000000007e+01,2.575421415887036922e-02,3.788259798983211191e-01,5.954198059428086331e-01
3.691250000000000142e+01,1.320500000000000007e+01,2.126278818937710896e-02,4.393554967547711465e-01,5.393817150558516405e-01
3.725625000000000142e+01,1.320500000000000007e+01,1.749187603632619201e-02,5.047362419312745319e-01,4.777718820323992865e-01
3.760000000000000142e+01,1.320500000000000007e+01,1.429595666440833940e-02,5.722103213798085397e-01,4.134937219557829891e-01
3.794375000000000142e+01,1.320500000000000007e+01,1.158988851104070239e-02,6.385413404443961438e-01,3.498687710445630983e-01
3.828750000000000142e+01,1.320500000000000007e+01,9.320941577084461069e-03,7.006439931177819158e-01,2.900350653051336214e-01
3.863125000000000142e+01,1.320500000000000007e+01,7.447696957042351795e-03,7.561704233791338714e-01,2.363818796638236797e-01
3.897500000000000142e+01,1.320500000000000007e+01,5.927968611449774966e-03,8.038266048984028522e-01,1.902454264901474179e-01
3.931875000000000142e+01,1.320500000000000007e+01,4.715230541908158046e-03,8.433528192498854770e-01,1.519319502082064066e-01
3.966250000000000142e+01,1.320500000000000007e+01,3.760511960536215038e-03,8.752675105189358096e-01,1.209719775205278930e-01
4.000625000000000142e+01,1.320500000000000007e+01,3.016185573668664875e-03,9.005349684151860989e-01,9.644884601114528389e-02
4.035000000000000142e+01,1.320500000000000007e+01,2.439212375280154239e-03,9.202785390818301048e-01,7.728224854288961998e-02
4.069375000000000142e+01,1.320500000000000007e+01,1.992920032612047199e-03,9.355891780133390734e-01,6.241790195404878921e-02
4.103750000000000142e+01,1.320500000000000007e+01,1.647406480324274192e-03,9.474256861826524379e-01,5.092690733702350675e-02
4.138125000000000142e+01,1.320500000000000007e+01,1.379045816320672267e-03,9.565804085314090210e-01,4.204054565227033358e-02
4.172500000000000142e+01,1.320500000000000007e+01,1.169568260967102698e-03,9.636827930773710360e-01,3.514763866166190076e-02
4.206875000000000142e+01,1.320500000000000007e+01,1.005039374159601845e-03,9.692204053414855691e-01,2.977455528435480475e-02
4.241250000000000142e+01,1.320500000000000007e+01,8.749150306879185501e-04,9.735650704871451344e-01,2.556001448216704136e-02
4.275625000000000142e+01,1.320500000000000007e+01,7.712442652963503488e-04,9.769978753947768935e-01,2.223088033992667162e-02
4.310000000000000142e+01,1.320500000000000007e+01,6.880325691377116651e-04,9.797304929468109158e-01,1.958147448405140115e-02
4.344375000000000142e+01,1.320500000000000007e+01,6.207501909985511674e-04,9.819222734021101351e-01,1.745697640689116911e-02
4.378750000000000142e+01,1.320500000000000007e+01,5.659602935310354245e-04,9.836934487855203413e-01,1.574059092094871187e-02
4.413125000000000142e+01,1.320500000000000007e+01,5.210412803878406319e-04,9.851351096150532394e-01,1.434384910455896792e-02
4.447500000000000142e+01,1.320500000000000007e+01,4.839808854045988791e-04,9.863166440454628203e-01,1.319937506913259825e-02
4.481875000000000142e+01,1.320500000000000007e+01,4.532239351552759098e-04,9.872912451076931717e-01,1.225553095715171438e-02
4.516250000000000142e+01,1.320500000000000007e+01,4.275598135317662486e-04,9.880999753129769969e-01,1.147246487349133301e-02
4.550625000000000142e+01,1.320500000000000007e+01,4.060391189826765418e-04,9.887747661054172577e-01,1.081919477560003805e-02
4.585000000000000142e+01,1.320500000000000007e+01,3.879117348022987125e-04,9.893406355988274559e-01,1.027145266637042795e-02
4.619375000000000142e+01,1.320500000000000007e+01,3.725806071759680464e-04,9.898173339844960061e-01,9.810085408327865950e-03
4.653750000000000142e+01,1.320500000000000007e+01,3.595670672965547575e-04,9.902205698465855743e-01,9.419863086117885934e-03
4.688125000000000142e+01,1.320500000000000007e+01,3.484846643588626613e-04,9.905629289884562150e-01,9.088586347184941447e-03
4.722500000000000142e+01,1.320500000000000007e+01,3.390192989219093888e-04,9.908545669135799816e-01,8.806413787498128254e-03
4.756875000000000142e+01,1.320500000000000007e+01,3.309140425329674604e-04,9.911037339884202213e-01,8.565351969046924863e-03
4.791250000000000142e+01,1.320500000000000007e+01,3.239574613757721026e-04,9.913171763157616612e-01,8.358866222862750342e-03
4.825625000000000142e+01,1.320500000000000007e+01,3.179745746641333927e-04,9.915004437850876151e-01,8.181581640248337256e-03
4.860000000000000142e+01,1.320500000000000007e+01,3.128198057678082582e-04,9.916581284037896404e-01,8.029051790442566158e-03
4.894375000000000142e+01,1.320500000000000007e+01,3.083714496002431496e-04,9.917940499505319973e-01,7.897578599867859095e-03
4.928750000000000142e+01,1.320500000000000007e+01,3.045273008338906964e-04,9.919114015831103082e-01,7.784071116055826453e-03
4.963125000000000142e+01,1.320500000000000007e+01,3.012011763791132106e-04,9.920128648141677274e-01,7.685934009453284678e-03
4.997500000000000142e+01,1.320500000000000007e+01,2.983201311139442222e-04,9.921007009076765470e-01,7.600978961209399823e-03
5.031875000000000142e+01,1.320500000000000007e+01,2.958222144349959113e-04,9.921768240100576897e-01,7.527353775507298651e-03
5.066250000000000142e+01,1.320500000000000007e+01,2.936546513849735930e-04,9.922428600422583678e-01,7.463485306356505006e-03
5.100625000000000142e+01,1.320500000000000007e+01,2.917723591994639395e-04,9.923001944210432246e-01,7.408033219757318745e-03
5.135000000000000142e+01,1.320500000000000007e+01,2.901367304956902252e-04,9.923500109611430586e-01,7.359852308361094532e-03
5.169375000000000142e+01,1.320500000000000007e+01,2.887146297387798680e-04,9.923933237711644040e-01,7.317961599096802112e-03
5.203750000000000142e+01,1.320500000000000007e+01,2.874775613375699177e-04,9.924310035489760651e-01,7.281518889686363488e-03
5.238125000000000142e+01,1.320500000000000007e+01,2.864009766752595161e-04,9.924637993729718000e-01,7.249799650352846576e-03
5.272500000000000142e+01,1.320500000000000007e+01,2.854636942577433228e-04,9.924923568493532189e-01,7.222179456389018169e-03
5.306875000000000142e+01,1.320500000000000007e+01,2.846474124735753832e-04,9.925172332942110431e-01,7.198119293315266391e-03
5.341250000000000142e+01,1.320500000000000007e+01,2.839362985828765631e-04,9.925389104891984005e-01,7.177153212218654460e-03
5.375625000000000142e+01,1.320500000000000007e+01,2.833166407709065862e-04,9.925578054409633921e-01,7.158877918265618180e-03
5.410000000000000142e+01,1.320500000000000007e+01,2.827765526279463790e-04,9.925742794897810528e-01,7.142943957591122404e-03
5.444375000000000142e+01,1.320500000000000007e+01,2.823057214102156921e-04,9.925886460463564376e-01,7.129048232233496998e-03
5.478750000000000142e+01,1.320500000000000007e+01,2.818951930180447953e-04,9.926011771833669339e-01,7.116927623615054883e-03
5.513125000000000142e+01,1.320500000000000007e+01,2.815371878892849664e-04,9.926121092667458123e-01,7.106353545364941723e-03
5.547500000000000142e+01,1.320500000000000007e+01,2.812249430181549951e-04,9.926216477785776426e-01,7.097127278404144306e-03
5.581875000000000142e+01,1.320500000000000007e+01,2.809525761262398713e-04,9.926299714569153387e-01,7.089075966958320076e-03
5.616250000000000142e+01,1.320500000000000007e+01,2.807149686745758778e-04,9.926372358564111709e-01,7.082049174914274020e-03
5.650625000000000142e+01,1.320500000000000007e+01,2.805076649456445968e-04,9.926435764163060727e-01,7.075915918748405808e-03
5.685000000000000142e+01,1.320500000000000007e+01,2.803267848666008690e-04,9.926491111081831020e-01,7.070562106950202888e-03
5.719375000000000142e+01,1.320500000000000007e+01,2.801689486095492745e-04,9.926539427243112890e-01,7.065888327078939657e-03
5.753750000000000142e+01,1.320500000000000007e+01,2.800312113063128635e-04,9.926581608578737281e-01,7.061807930819896661e-03
5.788125000000000142e+01,1.320500000000000007e+01,2.799110064660038227e-04,9.926618436184940775e-01,7.058245375039815493e-03
5.822500000000000142e+01,1.320500000000000007e+01,2.798060968931437471e-04,9.926650591199245310e-01,7.055134783182388965e-03
5.856875000000000142e+01,1.320500000000000007e+01,2.797145320797841755e-04,9.926678667712822701e-01,7.052418696638015905e-03
5.891250000000000142e+01,1.320500000000000007e+01,2.796346111929213737e-04,9.926703183986493872e-01,7.050046990157705744e-03
5.925625000000000142e+01,1.320500000000000007e+01,2.795648509034461145e-04,9.926724592199830388e-01,7.047975929113514150e-03
3.210000000000000142e+01,1.331000000000000050e+01,6.140159317215988510e-01,5.799194856003687948e-02,3.279921197183643389e-01
3.244375000000000142e+01,1.331000000000000050e+01,5.169451344211215549e-01,7.008284860870328536e-02,4.129720169701751598e-01
3.278750000000000142e+01,1.331000000000000050e+01,4.194559726354529228e-01,8.230259311513812848e-02,4.982414342494088100e-01
3.313125000000000142e+01,1.331000000000000050e+01,3.299005589516099679e-01,9.417968560281246571e-02,5.759197554455776080e-01
3.347500000000000142e+01,1.331000000000000050e+01,2.538575863344609829e-01,1.057111119813427952e-01,6.404313016841963746e-01
3.381875000000000142e+01,1.331000000000000050e+01,1.931746561845818499e-01,1.173654686999966446e-01,6.894598751154215055e-01
3.416250000000000142e+01,1.331000000000000050e+01,1.468128546473932705e-01,1.299323063298088998e-01,7.232548390227977464e-01
3.450625000000000142e+01,1.331000000000000050e+01,1.123122811979357788e-01,1.443646478865799054e-01,7.433230709154842186e-01
3.485000000000000142e+01,1.331000000000000050e+01,8.694257468342146689e-02,1.616887531721342419e-01,7.513686721444443606e-01
3.519375000000000142e+01,1.331000000000000050e+01,6.829748252379742868e-02,1.829714733740634702e-01,7.487310441021390872e-01
3.553750000000000142e+01,1.331000000000000050e+01,5.447978673640418296e-02,2.093014224598385709e-01,7.362187908037572948e-01
3.588125000000000142e+01,1.331000000000000050e+01,4.408008138979773588e-02,2.417391257005647165e-01,7.141807929096375407e-01
3.622500000000000142e+01,1.331000000000000050e+01,3.608512008803577142e-02,2.812006041814935631e-01,6.827142757304706100e-01
3.656875000000000142e+01,1.331000000000000050e+01,2.978116122596907722e-02,3.282557236656150068e-01,6.419631151084159715e-01
3.691250000000000142e+01,1.331000000000000050e+01,2.467519000589252567e-02,3.828568226830277865e-01,5.924679873110797468e-01
3.725625000000000142e+01,1.331000000000000050e+01,2.043662029934462457e-02,4.440698756672484815e-01,5.354935040334068974e-01
3.760000000000000142e+01,1.331000000000000050e+01,1.685419174083331931e-02,5.099396527075364949e-01,4.732061555516303142e-01
3.794375000000000142e+01,1.331000000000000050e+01,1.380136957078538507e-02,5.776280011826473437e-01,4.085706292465671741e-01
3.828750000000000142e+01,1.331000000000000050e+01,1.120597172624146487e-02,6.438685697154694632e-01,3.449254585582890442e-01
3.863125000000000142e+01,1.331000000000000050e+01,9.023819982102849330e-03,7.056080094218449839e-01,2.853681705960521842e-01
3.897500000000000142e+01,1.331000000000000050e+01,7.219030731175296936e-03,7.605786057262088340e-01,2.322023635426159749e-01
3.931875000000000142e+01,1.331000000000000050e+01,5.753121771925371643e-03,8.075844838922180413e-01,1.866623943358566295e-01
3.966250000000000142e+01,1.331000000000000050e+01,4.582298438672242034e-03,8.464529674104582790e-01,1.489647341508696099e-01
4.000625000000000142e+01,1.331000000000000050e+01,3.659831667654492564e-03,8.777624276405670001e-01,1.185777406917784826e-01
4.035000000000000142e+01,1.331000000000000050e+01,2.940035926713147757e-03,9.025080975187816934e-01,9.455186655450506517e-02
4.069375000000000142e+01,1.331000000000000050e+01,2.381549873093194263e-03,9.218217941175584906e-01,7.579665600934826220e-02
4.103750000000000142e+01,1.331000000000000050e+01,1.949106936733270524e-03,9.367891558215440950e-01,6.126173724172282592e-02
4.138125000000000142e+01,1.331000000000000050e+01,1.613940564484256336e-03,9.483571335290443827e-01,5.002892590647117776e-02
4.172500000000000142e+01,1.331000000000000050e+01,1.353312591374499245e-03,9.573044483792703119e-01,4.134223902935523637e-02
4.206875000000000142e+01,1.331000000000000050e+01,1.149629737208527399e-03,9.642477170451138058e-01,3.460265321767776181e-02
4.241250000000000142e+01,1.331000000000000050e+01,9.894636862093084476e-04,9.696635479067768904e-01,2.934698840701386799e-02
4.275625000000000142e+01,1.331000000000000050e+01,8.626443872307521053e-04,9.739149210481362617e-01,2.522243456463303668e-02
4.310000000000000142e+01,1.331000000000000050e+01,7.614953884266036522e-04,9.772760233819323128e-01,2.196248122964104127e-02
4.344375000000000142e+01,1.331000000000000050e+01,6.802229960611105115e-04,9.799532569300094531e-01,1.936652007392948571e-02
4.378750000000000142e+01,1.331000000000000050e+01,6.144443441969934042e-04,9.821019951375027368e-01,1.728356051830028800e-02
4.413125000000000142e+01,1.331000000000000050e+01,5.608302693023214458e-04,9.838394891487654004e-01,1.559968058193235592e-02
4.447500000000000142e+01,1.331000000000000050e+01,5.168384142429116070e-04,9.852546006101378095e-01,1.422856097561921856e-02
4.481875000000000142e+01,1.331000000000000050e+01,4.805151294191726337e-04,9.864150503453703589e-01,1.310443452521042884e-02
4.516250000000000142e+01,1.331000000000000050e+01,4.503488679850701495e-04,9.873727809403739508e-01,1.217687019164117278e-02
4.550625000000000142e+01,1.331000000000000050e+01,4.251617039416865349e-04,9.881679133003176130e-01,1.140692499574071268e-02
4.585000000000000142e+01,1.331000000000000050e+01,4.040289080539861315e-04,9.888316661696653354e-01,1.076430492228047306e-02
4.619375000000000142e+01,1.331000000000000050e+01,3.862191246294485085e-04,9.893885150241247262e-01,1.022526585124581590e-02
4.653750000000000142e+01,1.331000000000000050e+01,3.711496754438547443e-04,9.898577942291426623e-01,9.771056095413498468e-03
4.688125000000000142e+01,1.331000000000000050e+01,3.583529922644882273e-04,9.902548915478706082e-01,9.386755459864877180e-03
4.722500000000000142e+01,1.331000000000000050e+01,3.474512621882360516e-04,9.905921435214802839e-01,9.060405216331465436e-03
4.756875000000000142e+01,1.331000000000000050e+01,3.381371587309397065e-04,9.908795106076119241e-01,8.782352233657038376e-03
4.791250000000000142e+01,1.331000000000000050e+01,3.301591039547122509e-04,9.911250894601048023e-01,8.544751435940462284e-03
4.825625000000000142e+01,1.331000000000000050e+01,3.233099217855652809e-04,9.913355041847098370e-01,8.341185893504769397e-03
4.860000000000000142e+01,1.331000000000000050e+01,3.174180436099265719e-04,9.915162071711399738e-01,8.166374785250101603e-03
4.894375000000000142e+01,1.331000000000000050e+01,3.123406459873089816e-04,9.916717119759412835e-01,8.015947378071404741e-03
4.928750000000000142e+01,1.331000000000000050e+01,3.079582598076582921e-04,9.918057748392328232e-01,7.886266900959507803e-03
4.963125000000000142e+01,1.331000000000000050e+01,3.041705069417851908e-04,9.919215371328462538e-01,7.774292360211935288e-03
4.997500000000000142e+01,1.331000000000000050e+01,3.008927062117266625e-04,9.920216379076522983e-01,7.677469386136095454e-03
5.031875000000000142e+01,1.331000000000000050e+01,2.980531538335578720e-04,9.921083034120903310e-01,7.593643434076075178e-03
5.066250000000000142e+01,1.331000000000000050e+01,2.955909304582294336e-04,9.921834187618989720e-01,7.520990307642902439e-03
5.100625000000000142e+01,1.331000000000000050e+01,2.934541219505081358e-04,9.922485856878187072e-01,7.457960190230922617e-03
5.135000000000000142e+01,1.331000000000000050e+01,2.915983672774639305e-04,9.923051693551256935e-01,7.403232277596860471e-03
5.169375000000000142e+01,1.331000000000000050e+01,2.899856666292209366e-04,9.923543365507671021e-01,7.355677782603647387e-03
5.203750000000000142e+01,1.331000000000000050e+01,2.885833978428760187e-04,9.923970870088132390e-01,7.314329593343949117e-03
5.238125000000000142e+01,1.331000000000000050e+01,2.873635005721676531e-04,9.924342792479448061e-01,7.278357251482982064e-03
5.272500000000000142e+01,1.331000000000000050e+01,2.863017963411542961e-04,9.924666519929576936e-01,7.247046210701258567e-03
5.306875000000000142e+01,1.331000000000000050e+01,2.853774193046660908e-04,9.924948420217155620e-01,7.219780558979892182e-03
5.341250000000000142e+01,1.331000000000000050e+01,2.845723377036870347e-04,9.925193991019115591e-01,7.196028560384737024e-03
5.375625000000000142e+01,1.331000000000000050e+01,2.838709500168704871e-04,9.925407985452533444e-01,7.175330504729991038e-03
5.410000000000000142e+01,1.331000000000000050e+01,2.832597429437468399e-04,9.925594518005408373e-01,7.157288456515305958e-03
5.444375000000000142e+01,1.331000000000000050e+01,2.827270008167720840e-04,9.925757154242668134e-01,7.141557574916398109e-03
5.478750000000000142e+01,1.331000000000000050e+01,2.822625579829513226e-04,9.925898987023412667e-01,7.127838739675713096e-03
5.513125000000000142e+01,1.331000000000000050e+01,2.818575872390370152e-04,9.926022701452712482e-01,7.115872267489847629e-03
5.547500000000000142e+01,1.331000000000000050e+01,2.815044186362952467e-04,9.926130630384130127e-01,7.105432542950812849e-03
5.581875000000000142e+01,1.331000000000000050e+01,2.811963839598471482e-04,9.926224801964715905e-01,7.096323419568420672e-03
5.616250000000000142e+01,1.331000000000000050e+01,2.809276829858913015e-04,9.926306980453755147e-01,7.088374271638524758e-03
5.650625000000000142e+01,1.331000000000000050e+01,2.806932682678879294e-04,9.926378701336628918e-01,7.081436598069101168e-03
5.685000000000000142e+01,1.331000000000000050e+01,2.804887457313211111e-04,9.926441301584961741e-01,7.075381095772698310e-03
5.719375000000000142e+01,1.331000000000000050e+01,2.803102887899894583e-04,9.926495945775335450e-01,7.070095133676524909e-03
5.753750000000000142e+01,1.331000000000000050e+01,2.801545640539876143e-04,9.926543648665314690e-01,7.065480569414394826e-03
5.788125000000000142e+01,1.331000000000000050e+01,2.800186669952876026e-04,9.926585294731719022e-01,7.061451859832923450e-03
5.822500000000000142e+01,1.331000000000000050e+01,2.799000661828748545e-04,9.926621655098711861e-01,7.057934423945698074e-03
5.856875000000000142e+01,1.331000000000000050e+01,2.797965549050175139e-04,9.926653402218887923e-01,7.054863223206284811e-03
5.891250000000000142e+01,1.331000000000000050e+01,2.797062091686804315e-04,9.926681122616549668e-01,7.052181529176367904e-03
5.925625000000000142e+01,1.331000000000000050e+01,2.796273512113868617e-04,9.926705327957567881e-01,7.049839853031809704e-03
3.210000000000000142e+01,1.341500000000000092e+01,6.777660121130913984e-01,4.921516230333748687e-02,2.730188255835711009e-01
3.244375000000000142e+01,1.341500000000000092e+01,5.861380762284577051e-01,6.052601902059041167e-02,3.533359047509517792e-01
3.278750000000000142e+01,1.341500000000000092e+01,4.879977141332066948e-01,7.240099392764300090e-02,4.396012919391501517e-01
3.313125000000000142e+01,1.341500000000000092e+01,3.920386827182303913e-01,8.417265607636770230e-02,5.237886612054019064e-01
3.347500000000000142e+01,1.341500000000000092e+01,3.060319928579113280e-01,9.549712320350502159e-02,5.984708839385836088e-01
3.381875000000000142e+01,1.341500000000000092e+01,2.344655614695956292e-01,1.065175325555341862e-01,6.590169059748701708e-01
3.416250000000000142e+01,1.341500000000000092e+01,1.781987464512827246e-01,1.178041023857058639e-01,7.039971511630114254e-01
3.450625000000000142e+01,1.341500000000000092e+01,1.356239820697346943e-01,1.301884659379859144e-01,7.341875519922793636e-01
3.485000000000000142e+01,1.341500000000000092e+01,1.041058524135746594e-01,1.446255669787555598e-01,7.512685806076697670e-01
3.519375000000000142e+01,1.341500000000000092e+01,8.096856483687325801e-02,1.621278175996200277e-01,7.569036175635065478e-01
3.553750000000000142e+01,1.341500000000000092e+01,6.394800849922550878e-02,1.837470429428564866e-01,7.523049485579179629e-01
3.588125000000000142e+01,1.341500000000000092e+01,5.129685865858805982e-02,2.105592949537858916e-01,7.381438463876260903e-01
3.622500000000000142e+01,1.341500000000000092e+01,4.173171620777990642e-02,2.436109264352975257e-01,7.146573573569227067e-01
3.656875000000000142e+01,1.341500000000000092e+01,3.433516698167597692e-02,2.837935275044089489e-01,6.818713055139151713e-01
3.691250000000000142e+01,1.341500000000000092e+01,2.846289607519775569e-02,3.316322356475959188e-01,6.399048682772063845e-01
3.725625000000000142e+01,1.341500000000000092e+01,2.367115131952537976e-02,3.870076975692822163e-01,5.893211511111924317e-01
3.760000000000000142e+01,1.341500000000000092e+01,1.966412522726945430e-02,4.488904732524945929e-01,5.314454015202360049e-01
3.794375000000000142e+01,1.341500000000000092e+01,1.625509124493277127e-02,5.152243015177603302e-01,4.685206072373068187e-01
3.828750000000000142e+01,1.341500000000000092e+01,1.333465525606690981e-02,5.830944630351303504e-01,4.035708817088026756e-01
3.863125000000000142e+01,1.341500000000000092e+01,1.084228995766603303e-02,6.492107941449893893e-01,3.399469158973444372e-01
3.897500000000000142e+01,1.341500000000000092e+01,8.741445437025254991e-03,7.105581676211266684e-01,2.807003869418480124e-01
3.931875000000000142e+01,1.341500000000000092e+01,7.001130708055427164e-03,7.649529936717407441e-01,2.280458756202039250e-01
3.966250000000000142e+01,1.341500000000000092e+01,5.586130413988375613e-03,8.112983182109734237e-01,1.831155513750381547e-01
4.000625000000000142e+01,1.341500000000000092e+01,4.455086073678301770e-03,8.495067973840736419e-01,1.460381165422480199e-01
4.035000000000000142e+01,1.341500000000000092e+01,3.563306314400885993e-03,8.802139951265086637e-01,1.162226985590904815e-01
4.069375000000000142e+01,1.341500000000000092e+01,2.866900240887343410e-03,9.044435129090934167e-01,9.268958685001915665e-02
4.103750000000000142e+01,1.341500000000000092e+01,2.326074221704942189e-03,9.233337768073859309e-01,7.434014897090905627e-02
4.138125000000000142e+01,1.341500000000000092e+01,1.906884080165801914e-03,9.379640112972869037e-01,6.012910462254714844e-02
4.172500000000000142e+01,1.341500000000000092e+01,1.581635837614885076e-03,9.492688054430775679e-01,4.914955871930744985e-02
4.206875000000000142e+01,1.341500000000000092e+01,1.328432213797141716e-03,9.580131105374054545e-01,4.065845724879735279e-02
4.241250000000000142e+01,1.341500000000000092e+01,1.130322107156596975e-03,9.648007581098294594e-01,3.406891978301396229e-02
4.275625000000000142e+01,1.341500000000000092e+01,9.743585382273031508e-04,9.700975263140771965e-01,2.892811514769556835e-02
4.310000000000000142e+01,1.341500000000000092e+01,8.507278157949908206e-04,9.742576960551678766e-01,2.489157612903706782e-02
4.344375000000000142e+01,1.341500000000000092e+01,7.520154287692081560e-04,9.775486898489408327e-01,2.169929472228989201e-02
4.378750000000000142e+01,1.341500000000000092e+01,6.726196056175065075e-04,9.801717531749757351e-01,1.915562721940669219e-02
4.413125000000000142e+01,1.341500000000000092e+01,6.082980791314914620e-04,9.822783740612288650e-01,1.711332785963957590e-02
4.447500000000000142e+01,1.341500000000000092e+01,5.558249078694414182e-04,9.839828935798288212e-01,1.546128151230163374e-02
4.481875000000000142e+01,1.341500000000000092e+01,5.127338104053756444e-04,9.853719983372114521e-01,1.411526785238310586e-02
4.516250000000000142e+01,1.341500000000000092e+01,4.771274946689186072e-04,9.865117823048210610e-01,1.301109020050989634e-02
4.550625000000000142e+01,1.341500000000000092e+01,4.475364177189399559e-04,9.874529678876665661e-01,1.209949569461457076e-02
4.585000000000000142e+01,1.341500000000000092e+01,4.228141703544098669e-04,9.882347569643350482e-01,1.134242886531069104e-02
4.619375000000000142e+01,1.341500000000000092e+01,4.020598411941821485e-04,9.888876724331684409e-01,1.071026772563737385e-02
4.653750000000000142e+01,1.341500000000000092e+01,3.845602086238595523e-04,9.894356597398669129e-01,1.017978005150917305e-02
4.688125000000000142e+01,1.341500000000000092e+01,3.697465064585841706e-04,9.898976468899377545e-01,9.732606603603520881e-03
4.722500000000000142e+01,1.341500000000000092e+01,3.571619216012901195e-04,9.902887079645831259e-01,9.354130113815467898e-03
4.756875000000000142e+01,1.341500000000000092e+01,3.464370195951170907e-04,9.906209356551337608e-01,9.032627325270917509e-03
4.791250000000000142e+01,1.341500000000000092e+01,3.372710504996241122e-04,9.909040995001764385e-01,8.758629449324052338e-03
4.825625000000000142e+01,1.341500000000000092e+01,3.294176370376580105e-04,9.911461456066230635e-01,8.524436756339282689e-03
4.860000000000000142e+01,1.341500000000000092e+01,3.226737456598428909e-04,9.913535785269964595e-01,8.323747727343790495e-03
4.894375000000000142e+01,1.341500000000000092e+01,3.168711306625882616e-04,9.915317550500052368e-01,8.151373819332110790e-03
4.928750000000000142e+01,1.341500000000000092e+01,3.118696521233915199e-04,9.916851117663406656e-01,8.003018581535880846e-03
4.963125000000000142e+01,1.341500000000000092e+01,3.075520221307166918e-04,9.918173425466456639e-01,7.875105431223669919e-03
4.997500000000000142e+01,1.341500000000000092e+01,3.038196463795101235e-04,9.919315379032214164e-01,7.764642450399194921e-03
5.031875000000000142e+01,1.341500000000000092e+01,3.005893110224129344e-04,9.920302951641297717e-01,7.669115524847675523e-03
5.066250000000000142e+01,1.341500000000000092e+01,2.977905258598731496e-04,9.921158061555097607e-01,7.586403318630364524e-03
5.100625000000000142e+01,1.341500000000000092e+01,2.953633803809793028e-04,9.921899274416624559e-01,7.514709177956629960e-03
5.135000000000000142e+01,1.341500000000000092e+01,2.932568030571184019e-04,9.922542369526614614e-01,7.452506244281534471e-03
5.169375000000000142e+01,1.341500000000000092e+01,2.914271396993704799e-04,9.923100799207977829e-01,7.398492939502849218e-03
5.203750000000000142e+01,1.341500000000000092e+01,2.898369858367275402e-04,9.923586063671382407e-01,7.351556647024875928e-03
5.238125000000000142e+01,1.341500000000000092e+01,2.884542225731295774e-04,9.924008018677502596e-01,7.310743909676818870e-03
5.272500000000000142e+01,1.341500000000000092e+01,2.872512164204314667e-04,9.924375129420675012e-01,7.275235841512075856e-03
5.306875000000000142e+01,1.341500000000000092e+01,2.862041520518468344e-04,9.924694681115455719e-01,7.244327736402444290e-03
5.341250000000000142e+01,1.341500000000000092e+01,2.852924734183469291e-04,9.924972954517503609e-01,7.217412074831440830e-03
5.375625000000000142e+01,1.341500000000000092e+01,2.844984136952861432e-04,9.925215372881439624e-01,7.193964298160777059e-03
5.410000000000000142e+01,1.341500000000000092e+01,2.838065984327998417e-04,9.925426625522650870e-01,7.173530849302143381e-03
5.444375000000000142e+01,1.341500000000000092e+01,2.832037093366193280e-04,9.925610772112539726e-01,7.155719079409488155e-03
5.478750000000000142e+01,1.341500000000000092e+01,2.826781985052057825e-04,9.925771331026841393e-01,7.140188698810585356e-03
5.513125000000000142e+01,1.341500000000000092e+01,2.822200448447811190e-04,9.925911354430607680e-01,7.126644512094578235e-03
5.547500000000000142e+01,1.341500000000000092e+01,2.818205458900021557e-04,9.926033492281430837e-01,7.114830225967027147e-03
5.581875000000000142e+01,1.341500000000000092e+01,2.814721394611437557e-04,9.926140047034138769e-01,7.104523157124929128e-03
5.616250000000000142e+01,1.341500000000000092e+01,2.811682505551884020e-04,9.926233020512076344e-01,7.095529698237304506e-03
5.650625000000000142e+01,1.341500000000000092e+01,2.809031596487263039e-04,9.926314154154969316e-01,7.087681424854332460e-03
5.685000000000000142e+01,1.341500000000000092e+01,2.806718892244317422e-04,9.926384963647519877e-01,7.080831746023552066e-03
5.719375000000000142e+01,1.341500000000000092e+01,2.804701058502433956e-04,9.926446768765736506e-01,7.074853017576174762e-03
5.753750000000000142e+01,1.341500000000000092e+01,2.802940355649027990e-04,9.926500719141917450e-01,7.069634050243459554e-03
5.788125000000000142e+01,1.341500000000000092e+01,2.801403906735430065e-04,9.926547816537480973e-01,7.065077955578333811e-03
5.822500000000000142e+01,1.341500000000000092e+01,2.800063063470682257e-04,9.926588934120860186e-01,7.061100281566897244e-03
5.856875000000000142e+01,1.341500000000000092e+01,2.798892856604427997e-04,9.926624833171509010e-01,7.057627397188509857e-03
5.891250000000000142e+01,1.341500000000000092e+01,2.797871519068242333e-04,9.926656177567775297e-01,7.054595091315864902e-03
